1000	0.125	0.125	0.125
2000	0.125	0.125	0.125
3000	0.125	0.125	0.125
4000	0.5	0.5	0.5
5000	0.5	0.5	0.5
6000	0.5	0.5	0.5
7000	0.75	0.75	0.75
8000	0.75	0.75	0.75
9000	0.875	0.875	0.875
10000	0.898162752360648	0.898162752360648	0.898162752360648
11000	0.898162752360648	0.898162752360648	0.898162752360648
12000	0.898162752360648	0.898162752360648	0.898162752360648
13000	0.898162752360648	0.898162752360648	0.898162752360648
14000	0.898162752360648	0.898162752360648	0.898162752360648
15000	0.898162752360648	0.898162752360648	0.898162752360648
16000	0.898162752360648	0.898162752360648	0.898162752360648
17000	0.898162752360648	0.898162752360648	0.898162752360648
18000	0.898162752360648	0.898162752360648	0.898162752360648
19000	0.898162752360648	0.898162752360648	0.898162752360648
20000	0.898162752360648	0.898162752360648	0.898162752360648
21000	0.898162752360648	0.898162752360648	0.898162752360648
22000	0.898162752360648	0.898162752360648	0.898162752360648
23000	0.898162752360648	0.898162752360648	0.898162752360648
24000	0.898162752360648	0.898162752360648	0.898162752360648
25000	0.898162752360648	0.898162752360648	0.898162752360648
26000	0.898162752360648	0.898162752360648	0.898162752360648
27000	0.898162752360648	0.898162752360648	0.898162752360648
28000	0.898162752360648	0.898162752360648	0.898162752360648
29000	0.898162752360648	0.898162752360648	0.898162752360648
30000	0.898162752360648	0.898162752360648	0.898162752360648
31000	0.898162752360648	0.898162752360648	0.898162752360648
32000	0.898162752360648	0.898162752360648	0.898162752360648
33000	0.898162752360648	0.898162752360648	0.898162752360648
34000	0.898162752360648	0.898162752360648	0.898162752360648
35000	0.898162752360648	0.898162752360648	0.898162752360648
36000	0.898162752360648	0.898162752360648	0.898162752360648
37000	0.898162752360648	0.898162752360648	0.898162752360648
38000	0.898162752360648	0.898162752360648	0.898162752360648
39000	0.898162752360648	0.898162752360648	0.898162752360648
40000	0.898162752360648	0.898162752360648	0.898162752360648
41000	0.898162752360648	0.898162752360648	0.898162752360648
42000	0.898162752360648	0.898162752360648	0.898162752360648
43000	0.898162752360648	0.898162752360648	0.898162752360648
44000	0.898162752360648	0.898162752360648	0.898162752360648
45000	0.898162752360648	0.898162752360648	0.898162752360648
46000	0.898162752360648	0.898162752360648	0.898162752360648
47000	0.898162752360648	0.898162752360648	0.898162752360648
48000	0.898162752360648	0.898162752360648	0.898162752360648
49000	0.898162752360648	0.898162752360648	0.898162752360648
50000	0.898162752360648	0.898162752360648	0.898162752360648
51000	0.898162752360648	0.898162752360648	0.898162752360648
52000	0.898162752360648	0.898162752360648	0.898162752360648
53000	0.898162752360648	0.898162752360648	0.898162752360648
54000	0.898162752360648	0.898162752360648	0.898162752360648
55000	0.898162752360648	0.898162752360648	0.898162752360648
56000	0.898162752360648	0.898162752360648	0.898162752360648
57000	0.898162752360648	0.898162752360648	0.898162752360648
58000	0.898162752360648	0.898162752360648	0.898162752360648
59000	0.898162752360648	0.898162752360648	0.898162752360648
60000	0.898162752360648	0.898162752360648	0.898162752360648
61000	0.898162752360648	0.898162752360648	0.898162752360648
62000	0.898162752360648	0.898162752360648	0.898162752360648
63000	0.898162752360648	0.898162752360648	0.898162752360648
64000	0.898162752360648	0.898162752360648	0.898162752360648
65000	0.898162752360648	0.898162752360648	0.898162752360648
66000	0.898162752360648	0.898162752360648	0.898162752360648
67000	0.898162752360648	0.898162752360648	0.898162752360648
68000	0.898162752360648	0.898162752360648	0.898162752360648
69000	0.898162752360648	0.898162752360648	0.898162752360648
70000	0.898162752360648	0.898162752360648	0.898162752360648
71000	0.898162752360648	0.898162752360648	0.898162752360648
72000	0.898162752360648	0.898162752360648	0.898162752360648
73000	0.898162752360648	0.898162752360648	0.898162752360648
74000	0.898162752360648	0.898162752360648	0.898162752360648
75000	0.898162752360648	0.898162752360648	0.898162752360648
76000	0.898162752360648	0.898162752360648	0.898162752360648
77000	0.898162752360648	0.898162752360648	0.898162752360648
78000	0.898162752360648	0.898162752360648	0.898162752360648
79000	0.898162752360648	0.898162752360648	0.898162752360648
80000	0.898162752360648	0.898162752360648	0.898162752360648
81000	0.898162752360648	0.898162752360648	0.898162752360648
82000	0.898162752360648	0.898162752360648	0.898162752360648
83000	0.898162752360648	0.898162752360648	0.898162752360648
84000	0.898162752360648	0.898162752360648	0.898162752360648
85000	0.898162752360648	0.898162752360648	0.898162752360648
86000	0.898162752360648	0.898162752360648	0.898162752360648
87000	0.898162752360648	0.898162752360648	0.898162752360648
88000	0.898162752360648	0.898162752360648	0.898162752360648
89000	0.898162752360648	0.898162752360648	0.898162752360648
90000	0.898162752360648	0.898162752360648	0.898162752360648
91000	0.898162752360648	0.898162752360648	0.898162752360648
92000	0.898162752360648	0.898162752360648	0.898162752360648
93000	0.898162752360648	0.898162752360648	0.898162752360648
94000	0.898162752360648	0.898162752360648	0.898162752360648
95000	0.898162752360648	0.898162752360648	0.898162752360648
96000	0.898162752360648	0.898162752360648	0.898162752360648
97000	0.898162752360648	0.898162752360648	0.898162752360648
98000	0.898162752360648	0.898162752360648	0.898162752360648
99000	0.898162752360648	0.898162752360648	0.898162752360648
100000	0.898162752360648	0.898162752360648	0.898162752360648
101000	0.898162752360648	0.898162752360648	0.898162752360648
102000	0.898162752360648	0.898162752360648	0.898162752360648
103000	0.898162752360648	0.898162752360648	0.898162752360648
104000	0.898162752360648	0.898162752360648	0.898162752360648
105000	0.898162752360648	0.898162752360648	0.898162752360648
106000	0.898162752360648	0.898162752360648	0.898162752360648
107000	0.898162752360648	0.898162752360648	0.898162752360648
108000	0.898162752360648	0.898162752360648	0.898162752360648
109000	0.898162752360648	0.898162752360648	0.898162752360648
110000	0.898162752360648	0.898162752360648	0.898162752360648
111000	0.898162752360648	0.898162752360648	0.898162752360648
112000	0.898162752360648	0.898162752360648	0.898162752360648
113000	0.898162752360648	0.898162752360648	0.898162752360648
114000	0.898162752360648	0.898162752360648	0.898162752360648
115000	0.898162752360648	0.898162752360648	0.898162752360648
116000	0.898162752360648	0.898162752360648	0.898162752360648
117000	0.898162752360648	0.898162752360648	0.898162752360648
118000	0.898162752360648	0.898162752360648	0.898162752360648
119000	0.898162752360648	0.898162752360648	0.898162752360648
120000	0.898162752360648	0.898162752360648	0.898162752360648
121000	0.898162752360648	0.898162752360648	0.898162752360648
122000	0.898162752360648	0.898162752360648	0.898162752360648
123000	0.898162752360648	0.898162752360648	0.898162752360648
124000	0.898162752360648	0.898162752360648	0.898162752360648
125000	0.898162752360648	0.898162752360648	0.898162752360648
126000	0.898162752360648	0.898162752360648	0.898162752360648
127000	0.898162752360648	0.898162752360648	0.898162752360648
128000	0.898162752360648	0.898162752360648	0.898162752360648
129000	0.898162752360648	0.898162752360648	0.898162752360648
130000	0.898162752360648	0.898162752360648	0.898162752360648
131000	0.898162752360648	0.898162752360648	0.898162752360648
132000	0.898162752360648	0.898162752360648	0.898162752360648
133000	0.898162752360648	0.898162752360648	0.898162752360648
134000	0.898162752360648	0.898162752360648	0.898162752360648
135000	0.898162752360648	0.898162752360648	0.898162752360648
136000	0.898162752360648	0.898162752360648	0.898162752360648
137000	0.898162752360648	0.898162752360648	0.898162752360648
138000	0.898162752360648	0.898162752360648	0.898162752360648
139000	0.898162752360648	0.898162752360648	0.898162752360648
140000	0.898162752360648	0.898162752360648	0.898162752360648
141000	0.898162752360648	0.898162752360648	0.898162752360648
142000	0.898162752360648	0.898162752360648	0.898162752360648
143000	0.898162752360648	0.898162752360648	0.898162752360648
144000	0.898162752360648	0.898162752360648	0.898162752360648
145000	0.898162752360648	0.898162752360648	0.898162752360648
146000	0.898162752360648	0.898162752360648	0.898162752360648
147000	0.898162752360648	0.898162752360648	0.898162752360648
148000	0.898162752360648	0.898162752360648	0.898162752360648
149000	0.898162752360648	0.898162752360648	0.898162752360648
150000	0.898162752360648	0.898162752360648	0.898162752360648
151000	0.898162752360648	0.898162752360648	0.898162752360648
152000	0.898162752360648	0.898162752360648	0.898162752360648
153000	0.898162752360648	0.898162752360648	0.898162752360648
154000	0.898162752360648	0.898162752360648	0.898162752360648
155000	0.898162752360648	0.898162752360648	0.898162752360648
156000	0.898162752360648	0.898162752360648	0.898162752360648
157000	0.898162752360648	0.898162752360648	0.898162752360648
158000	0.898162752360648	0.898162752360648	0.898162752360648
159000	0.898162752360648	0.898162752360648	0.898162752360648
160000	0.898162752360648	0.898162752360648	0.898162752360648
161000	0.898162752360648	0.898162752360648	0.898162752360648
162000	0.898162752360648	0.898162752360648	0.898162752360648
163000	0.898162752360648	0.898162752360648	0.898162752360648
164000	0.898162752360648	0.898162752360648	0.898162752360648
165000	0.898162752360648	0.898162752360648	0.898162752360648
166000	0.898162752360648	0.898162752360648	0.898162752360648
167000	0.898162752360648	0.898162752360648	0.898162752360648
168000	0.898162752360648	0.898162752360648	0.898162752360648
169000	0.898162752360648	0.898162752360648	0.898162752360648
170000	0.898162752360648	0.898162752360648	0.898162752360648
171000	0.898162752360648	0.898162752360648	0.898162752360648
172000	0.898162752360648	0.898162752360648	0.898162752360648
173000	0.898162752360648	0.898162752360648	0.898162752360648
174000	0.898162752360648	0.898162752360648	0.898162752360648
175000	0.898162752360648	0.898162752360648	0.898162752360648
176000	0.898162752360648	0.898162752360648	0.898162752360648
177000	0.898162752360648	0.898162752360648	0.898162752360648
178000	0.898162752360648	0.898162752360648	0.898162752360648
179000	0.898162752360648	0.898162752360648	0.898162752360648
180000	0.898162752360648	0.898162752360648	0.898162752360648
181000	0.898162752360648	0.898162752360648	0.898162752360648
182000	0.898162752360648	0.898162752360648	0.898162752360648
183000	0.898162752360648	0.898162752360648	0.898162752360648
184000	0.898162752360648	0.898162752360648	0.898162752360648
185000	0.898162752360648	0.898162752360648	0.898162752360648
186000	0.898162752360648	0.898162752360648	0.898162752360648
187000	0.898162752360648	0.898162752360648	0.898162752360648
188000	0.898162752360648	0.898162752360648	0.898162752360648
189000	0.898162752360648	0.898162752360648	0.898162752360648
190000	0.898162752360648	0.898162752360648	0.898162752360648
191000	0.898162752360648	0.898162752360648	0.898162752360648
192000	0.898162752360648	0.898162752360648	0.898162752360648
193000	0.898162752360648	0.898162752360648	0.898162752360648
194000	0.898162752360648	0.898162752360648	0.898162752360648
195000	0.898162752360648	0.898162752360648	0.898162752360648
196000	0.898162752360648	0.898162752360648	0.898162752360648
197000	0.898162752360648	0.898162752360648	0.898162752360648
198000	0.898162752360648	0.898162752360648	0.898162752360648
199000	0.898162752360648	0.898162752360648	0.898162752360648
200000	0.898162752360648	0.898162752360648	0.898162752360648
201000	0.898162752360648	0.898162752360648	0.898162752360648
202000	0.898162752360648	0.898162752360648	0.898162752360648
203000	0.898162752360648	0.898162752360648	0.898162752360648
204000	0.898162752360648	0.898162752360648	0.898162752360648
205000	0.898162752360648	0.898162752360648	0.898162752360648
206000	0.898162752360648	0.898162752360648	0.898162752360648
207000	0.898162752360648	0.898162752360648	0.898162752360648
208000	0.898162752360648	0.898162752360648	0.898162752360648
209000	0.898162752360648	0.898162752360648	0.898162752360648
210000	0.898162752360648	0.898162752360648	0.898162752360648
211000	0.898162752360648	0.898162752360648	0.898162752360648
212000	0.898162752360648	0.898162752360648	0.898162752360648
213000	0.898162752360648	0.898162752360648	0.898162752360648
214000	0.898162752360648	0.898162752360648	0.898162752360648
215000	0.898162752360648	0.898162752360648	0.898162752360648
216000	0.898162752360648	0.898162752360648	0.898162752360648
217000	0.898162752360648	0.898162752360648	0.898162752360648
218000	0.898162752360648	0.898162752360648	0.898162752360648
219000	0.898162752360648	0.898162752360648	0.898162752360648
220000	0.898162752360648	0.898162752360648	0.898162752360648
221000	0.898162752360648	0.898162752360648	0.898162752360648
222000	0.898162752360648	0.898162752360648	0.898162752360648
223000	0.898162752360648	0.898162752360648	0.898162752360648
224000	0.898162752360648	0.898162752360648	0.898162752360648
225000	0.898162752360648	0.898162752360648	0.898162752360648
226000	0.898162752360648	0.898162752360648	0.898162752360648
227000	0.898162752360648	0.898162752360648	0.898162752360648
228000	0.898162752360648	0.898162752360648	0.898162752360648
229000	0.898162752360648	0.898162752360648	0.898162752360648
230000	0.898162752360648	0.898162752360648	0.898162752360648
231000	0.898162752360648	0.898162752360648	0.898162752360648
232000	0.898162752360648	0.898162752360648	0.898162752360648
233000	0.898162752360648	0.898162752360648	0.898162752360648
234000	0.898162752360648	0.898162752360648	0.898162752360648
235000	0.898162752360648	0.898162752360648	0.898162752360648
236000	0.898162752360648	0.898162752360648	0.898162752360648
237000	0.898162752360648	0.898162752360648	0.898162752360648
238000	0.898162752360648	0.898162752360648	0.898162752360648
239000	0.898162752360648	0.898162752360648	0.898162752360648
240000	0.898162752360648	0.898162752360648	0.898162752360648
241000	0.898162752360648	0.898162752360648	0.898162752360648
242000	0.898162752360648	0.898162752360648	0.898162752360648
243000	0.898162752360648	0.898162752360648	0.898162752360648
244000	0.898162752360648	0.898162752360648	0.898162752360648
245000	0.898162752360648	0.898162752360648	0.898162752360648
246000	0.898162752360648	0.898162752360648	0.898162752360648
247000	0.898162752360648	0.898162752360648	0.898162752360648
248000	0.898162752360648	0.898162752360648	0.898162752360648
249000	0.898162752360648	0.898162752360648	0.898162752360648
250000	0.898162752360648	0.898162752360648	0.898162752360648
251000	0.898162752360648	0.898162752360648	0.898162752360648
252000	0.898162752360648	0.898162752360648	0.898162752360648
253000	0.898162752360648	0.898162752360648	0.898162752360648
254000	0.898162752360648	0.898162752360648	0.898162752360648
255000	0.898162752360648	0.898162752360648	0.898162752360648
256000	0.898162752360648	0.898162752360648	0.898162752360648
257000	0.898162752360648	0.898162752360648	0.898162752360648
258000	0.898162752360648	0.898162752360648	0.898162752360648
259000	0.898162752360648	0.898162752360648	0.898162752360648
260000	0.898162752360648	0.898162752360648	0.898162752360648
261000	0.898162752360648	0.898162752360648	0.898162752360648
262000	0.898162752360648	0.898162752360648	0.898162752360648
263000	0.898162752360648	0.898162752360648	0.898162752360648
264000	0.898162752360648	0.898162752360648	0.898162752360648
265000	0.898162752360648	0.898162752360648	0.898162752360648
266000	0.898162752360648	0.898162752360648	0.898162752360648
267000	0.898162752360648	0.898162752360648	0.898162752360648
268000	0.898162752360648	0.898162752360648	0.898162752360648
269000	0.898162752360648	0.898162752360648	0.898162752360648
270000	0.898162752360648	0.898162752360648	0.898162752360648
271000	0.898162752360648	0.898162752360648	0.898162752360648
272000	0.898162752360648	0.898162752360648	0.898162752360648
273000	0.898162752360648	0.898162752360648	0.898162752360648
274000	0.898162752360648	0.898162752360648	0.898162752360648
275000	0.898162752360648	0.898162752360648	0.898162752360648
276000	0.898162752360648	0.898162752360648	0.898162752360648
277000	0.898162752360648	0.898162752360648	0.898162752360648
278000	0.898162752360648	0.898162752360648	0.898162752360648
279000	0.898162752360648	0.898162752360648	0.898162752360648
280000	0.898162752360648	0.898162752360648	0.898162752360648
281000	0.898162752360648	0.898162752360648	0.898162752360648
282000	0.898162752360648	0.898162752360648	0.898162752360648
283000	0.898162752360648	0.898162752360648	0.898162752360648
284000	0.898162752360648	0.898162752360648	0.898162752360648
285000	0.898162752360648	0.898162752360648	0.898162752360648
286000	0.898162752360648	0.898162752360648	0.898162752360648
287000	0.898162752360648	0.898162752360648	0.898162752360648
288000	0.898162752360648	0.898162752360648	0.898162752360648
289000	0.898162752360648	0.898162752360648	0.898162752360648
290000	0.898162752360648	0.898162752360648	0.898162752360648
291000	0.898162752360648	0.898162752360648	0.898162752360648
292000	0.898162752360648	0.898162752360648	0.898162752360648
293000	0.898162752360648	0.898162752360648	0.898162752360648
294000	0.898162752360648	0.898162752360648	0.898162752360648
295000	0.898162752360648	0.898162752360648	0.898162752360648
296000	0.898162752360648	0.898162752360648	0.898162752360648
297000	0.898162752360648	0.898162752360648	0.898162752360648
298000	0.898162752360648	0.898162752360648	0.898162752360648
299000	0.898162752360648	0.898162752360648	0.898162752360648
300000	0.898162752360648	0.898162752360648	0.898162752360648
301000	0.898162752360648	0.898162752360648	0.898162752360648
302000	0.898162752360648	0.898162752360648	0.898162752360648
303000	0.898162752360648	0.898162752360648	0.898162752360648
304000	0.898162752360648	0.898162752360648	0.898162752360648
305000	0.898162752360648	0.898162752360648	0.898162752360648
306000	0.898162752360648	0.898162752360648	0.898162752360648
307000	0.898162752360648	0.898162752360648	0.898162752360648
308000	0.898162752360648	0.898162752360648	0.898162752360648
309000	0.898162752360648	0.898162752360648	0.898162752360648
310000	0.898162752360648	0.898162752360648	0.898162752360648
311000	0.898162752360648	0.898162752360648	0.898162752360648
312000	0.898162752360648	0.898162752360648	0.898162752360648
313000	0.898162752360648	0.898162752360648	0.898162752360648
314000	0.898162752360648	0.898162752360648	0.898162752360648
315000	0.898162752360648	0.898162752360648	0.898162752360648
316000	0.898162752360648	0.898162752360648	0.898162752360648
317000	0.898162752360648	0.898162752360648	0.898162752360648
318000	0.898162752360648	0.898162752360648	0.898162752360648
319000	0.898162752360648	0.898162752360648	0.898162752360648
320000	0.898162752360648	0.898162752360648	0.898162752360648
321000	0.898162752360648	0.898162752360648	0.898162752360648
322000	0.898162752360648	0.898162752360648	0.898162752360648
323000	0.898162752360648	0.898162752360648	0.898162752360648
324000	0.898162752360648	0.898162752360648	0.898162752360648
325000	0.898162752360648	0.898162752360648	0.898162752360648
326000	0.898162752360648	0.898162752360648	0.898162752360648
327000	0.898162752360648	0.898162752360648	0.898162752360648
328000	0.898162752360648	0.898162752360648	0.898162752360648
329000	0.898162752360648	0.898162752360648	0.898162752360648
330000	0.898162752360648	0.898162752360648	0.898162752360648
331000	0.898162752360648	0.898162752360648	0.898162752360648
332000	0.898162752360648	0.898162752360648	0.898162752360648
333000	0.898162752360648	0.898162752360648	0.898162752360648
334000	0.898162752360648	0.898162752360648	0.898162752360648
335000	0.898162752360648	0.898162752360648	0.898162752360648
336000	0.898162752360648	0.898162752360648	0.898162752360648
337000	0.898162752360648	0.898162752360648	0.898162752360648
338000	0.898162752360648	0.898162752360648	0.898162752360648
339000	0.898162752360648	0.898162752360648	0.898162752360648
340000	0.898162752360648	0.898162752360648	0.898162752360648
341000	0.898162752360648	0.898162752360648	0.898162752360648
342000	0.898162752360648	0.898162752360648	0.898162752360648
343000	0.898162752360648	0.898162752360648	0.898162752360648
344000	0.898162752360648	0.898162752360648	0.898162752360648
345000	0.898162752360648	0.898162752360648	0.898162752360648
346000	0.898162752360648	0.898162752360648	0.898162752360648
347000	0.898162752360648	0.898162752360648	0.898162752360648
348000	0.898162752360648	0.898162752360648	0.898162752360648
349000	0.898162752360648	0.898162752360648	0.898162752360648
350000	0.898162752360648	0.898162752360648	0.898162752360648
351000	0.898162752360648	0.898162752360648	0.898162752360648
352000	0.898162752360648	0.898162752360648	0.898162752360648
353000	0.898162752360648	0.898162752360648	0.898162752360648
354000	0.898162752360648	0.898162752360648	0.898162752360648
355000	0.898162752360648	0.898162752360648	0.898162752360648
356000	0.898162752360648	0.898162752360648	0.898162752360648
357000	0.898162752360648	0.898162752360648	0.898162752360648
358000	0.898162752360648	0.898162752360648	0.898162752360648
359000	0.898162752360648	0.898162752360648	0.898162752360648
360000	0.898162752360648	0.898162752360648	0.898162752360648
361000	0.898162752360648	0.898162752360648	0.898162752360648
362000	0.898162752360648	0.898162752360648	0.898162752360648
363000	0.898162752360648	0.898162752360648	0.898162752360648
364000	0.898162752360648	0.898162752360648	0.898162752360648
365000	0.898162752360648	0.898162752360648	0.898162752360648
366000	0.898162752360648	0.898162752360648	0.898162752360648
367000	0.898162752360648	0.898162752360648	0.898162752360648
368000	0.898162752360648	0.898162752360648	0.898162752360648
369000	0.898162752360648	0.898162752360648	0.898162752360648
370000	0.898162752360648	0.898162752360648	0.898162752360648
371000	0.898162752360648	0.898162752360648	0.898162752360648
372000	0.898162752360648	0.898162752360648	0.898162752360648
373000	0.898162752360648	0.898162752360648	0.898162752360648
374000	0.898162752360648	0.898162752360648	0.898162752360648
375000	0.898162752360648	0.898162752360648	0.898162752360648
376000	0.898162752360648	0.898162752360648	0.898162752360648
377000	0.898162752360648	0.898162752360648	0.898162752360648
378000	0.898162752360648	0.898162752360648	0.898162752360648
379000	0.898162752360648	0.898162752360648	0.898162752360648
380000	0.898162752360648	0.898162752360648	0.898162752360648
381000	0.898162752360648	0.898162752360648	0.898162752360648
382000	0.898162752360648	0.898162752360648	0.898162752360648
383000	0.898162752360648	0.898162752360648	0.898162752360648
384000	0.898162752360648	0.898162752360648	0.898162752360648
385000	0.898162752360648	0.898162752360648	0.898162752360648
386000	0.898162752360648	0.898162752360648	0.898162752360648
387000	0.898162752360648	0.898162752360648	0.898162752360648
388000	0.898162752360648	0.898162752360648	0.898162752360648
389000	0.898162752360648	0.898162752360648	0.898162752360648
390000	0.898162752360648	0.898162752360648	0.898162752360648
391000	0.898162752360648	0.898162752360648	0.898162752360648
392000	0.898162752360648	0.898162752360648	0.898162752360648
393000	0.898162752360648	0.898162752360648	0.898162752360648
394000	0.898162752360648	0.898162752360648	0.898162752360648
395000	0.898162752360648	0.898162752360648	0.898162752360648
396000	0.898162752360648	0.898162752360648	0.898162752360648
397000	0.898162752360648	0.898162752360648	0.898162752360648
398000	0.898162752360648	0.898162752360648	0.898162752360648
399000	0.898162752360648	0.898162752360648	0.898162752360648
400000	0.898162752360648	0.898162752360648	0.898162752360648
401000	0.898162752360648	0.898162752360648	0.898162752360648
402000	0.898162752360648	0.898162752360648	0.898162752360648
403000	0.898162752360648	0.898162752360648	0.898162752360648
404000	0.898162752360648	0.898162752360648	0.898162752360648
405000	0.898162752360648	0.898162752360648	0.898162752360648
406000	0.898162752360648	0.898162752360648	0.898162752360648
407000	0.898162752360648	0.898162752360648	0.898162752360648
408000	0.898162752360648	0.898162752360648	0.898162752360648
409000	0.898162752360648	0.898162752360648	0.898162752360648
410000	0.898162752360648	0.898162752360648	0.898162752360648
411000	0.898162752360648	0.898162752360648	0.898162752360648
412000	0.898162752360648	0.898162752360648	0.898162752360648
413000	0.898162752360648	0.898162752360648	0.898162752360648
414000	0.898162752360648	0.898162752360648	0.898162752360648
415000	0.898162752360648	0.898162752360648	0.898162752360648
416000	0.898162752360648	0.898162752360648	0.898162752360648
417000	0.898162752360648	0.898162752360648	0.898162752360648
418000	0.898162752360648	0.898162752360648	0.898162752360648
419000	0.898162752360648	0.898162752360648	0.898162752360648
420000	0.898162752360648	0.898162752360648	0.898162752360648
421000	0.898162752360648	0.898162752360648	0.898162752360648
422000	0.898162752360648	0.898162752360648	0.898162752360648
423000	0.898162752360648	0.898162752360648	0.898162752360648
424000	0.898162752360648	0.898162752360648	0.898162752360648
425000	0.898162752360648	0.898162752360648	0.898162752360648
426000	0.898162752360648	0.898162752360648	0.898162752360648
427000	0.898162752360648	0.898162752360648	0.898162752360648
428000	0.898162752360648	0.898162752360648	0.898162752360648
429000	0.898162752360648	0.898162752360648	0.898162752360648
430000	0.898162752360648	0.898162752360648	0.898162752360648
431000	0.898162752360648	0.898162752360648	0.898162752360648
432000	0.898162752360648	0.898162752360648	0.898162752360648
433000	0.898162752360648	0.898162752360648	0.898162752360648
434000	0.898162752360648	0.898162752360648	0.898162752360648
435000	0.898162752360648	0.898162752360648	0.898162752360648
436000	0.898162752360648	0.898162752360648	0.898162752360648
437000	0.898162752360648	0.898162752360648	0.898162752360648
438000	0.898162752360648	0.898162752360648	0.898162752360648
439000	0.898162752360648	0.898162752360648	0.898162752360648
440000	0.898162752360648	0.898162752360648	0.898162752360648
441000	0.898162752360648	0.898162752360648	0.898162752360648
442000	0.898162752360648	0.898162752360648	0.898162752360648
443000	0.898162752360648	0.898162752360648	0.898162752360648
444000	0.898162752360648	0.898162752360648	0.898162752360648
445000	0.898162752360648	0.898162752360648	0.898162752360648
446000	0.898162752360648	0.898162752360648	0.898162752360648
447000	0.898162752360648	0.898162752360648	0.898162752360648
448000	0.898162752360648	0.898162752360648	0.898162752360648
449000	0.898162752360648	0.898162752360648	0.898162752360648
450000	0.898162752360648	0.898162752360648	0.898162752360648
451000	0.898162752360648	0.898162752360648	0.898162752360648
452000	0.898162752360648	0.898162752360648	0.898162752360648
453000	0.898162752360648	0.898162752360648	0.898162752360648
454000	0.898162752360648	0.898162752360648	0.898162752360648
455000	0.898162752360648	0.898162752360648	0.898162752360648
456000	0.898162752360648	0.898162752360648	0.898162752360648
457000	0.898162752360648	0.898162752360648	0.898162752360648
458000	0.898162752360648	0.898162752360648	0.898162752360648
459000	0.898162752360648	0.898162752360648	0.898162752360648
460000	0.898162752360648	0.898162752360648	0.898162752360648
461000	0.898162752360648	0.898162752360648	0.898162752360648
462000	0.898162752360648	0.898162752360648	0.898162752360648
463000	0.898162752360648	0.898162752360648	0.898162752360648
464000	0.898162752360648	0.898162752360648	0.898162752360648
465000	0.898162752360648	0.898162752360648	0.898162752360648
466000	0.898162752360648	0.898162752360648	0.898162752360648
467000	0.898162752360648	0.898162752360648	0.898162752360648
468000	0.898162752360648	0.898162752360648	0.898162752360648
469000	0.898162752360648	0.898162752360648	0.898162752360648
470000	0.898162752360648	0.898162752360648	0.898162752360648
471000	0.898162752360648	0.898162752360648	0.898162752360648
472000	0.898162752360648	0.898162752360648	0.898162752360648
473000	0.898162752360648	0.898162752360648	0.898162752360648
474000	0.898162752360648	0.898162752360648	0.898162752360648
475000	0.898162752360648	0.898162752360648	0.898162752360648
476000	0.898162752360648	0.898162752360648	0.898162752360648
477000	0.898162752360648	0.898162752360648	0.898162752360648
478000	0.898162752360648	0.898162752360648	0.898162752360648
479000	0.898162752360648	0.898162752360648	0.898162752360648
480000	0.898162752360648	0.898162752360648	0.898162752360648
481000	0.898162752360648	0.898162752360648	0.898162752360648
482000	0.898162752360648	0.898162752360648	0.898162752360648
483000	0.898162752360648	0.898162752360648	0.898162752360648
484000	0.898162752360648	0.898162752360648	0.898162752360648
485000	0.898162752360648	0.898162752360648	0.898162752360648
486000	0.898162752360648	0.898162752360648	0.898162752360648
487000	0.898162752360648	0.898162752360648	0.898162752360648
488000	0.898162752360648	0.898162752360648	0.898162752360648
489000	0.898162752360648	0.898162752360648	0.898162752360648
490000	0.898162752360648	0.898162752360648	0.898162752360648
491000	0.898162752360648	0.898162752360648	0.898162752360648
492000	0.898162752360648	0.898162752360648	0.898162752360648
493000	0.898162752360648	0.898162752360648	0.898162752360648
494000	0.898162752360648	0.898162752360648	0.898162752360648
495000	0.898162752360648	0.898162752360648	0.898162752360648
496000	0.898162752360648	0.898162752360648	0.898162752360648
497000	0.898162752360648	0.898162752360648	0.898162752360648
498000	0.898162752360648	0.898162752360648	0.898162752360648
499000	0.898162752360648	0.898162752360648	0.898162752360648
500000	0.898162752360648	0.898162752360648	0.898162752360648
501000	0.898162752360648	0.898162752360648	0.898162752360648
502000	0.898162752360648	0.898162752360648	0.898162752360648
503000	0.898162752360648	0.898162752360648	0.898162752360648
504000	0.898162752360648	0.898162752360648	0.898162752360648
505000	0.898162752360648	0.898162752360648	0.898162752360648
506000	0.898162752360648	0.898162752360648	0.898162752360648
507000	0.898162752360648	0.898162752360648	0.898162752360648
508000	0.898162752360648	0.898162752360648	0.898162752360648
509000	0.898162752360648	0.898162752360648	0.898162752360648
510000	0.898162752360648	0.898162752360648	0.898162752360648
511000	0.898162752360648	0.898162752360648	0.898162752360648
512000	0.898162752360648	0.898162752360648	0.898162752360648
513000	0.898162752360648	0.898162752360648	0.898162752360648
514000	0.898162752360648	0.898162752360648	0.898162752360648
515000	0.898162752360648	0.898162752360648	0.898162752360648
516000	0.898162752360648	0.898162752360648	0.898162752360648
517000	0.898162752360648	0.898162752360648	0.898162752360648
518000	0.898162752360648	0.898162752360648	0.898162752360648
519000	0.898162752360648	0.898162752360648	0.898162752360648
520000	0.898162752360648	0.898162752360648	0.898162752360648
521000	0.898162752360648	0.898162752360648	0.898162752360648
522000	0.898162752360648	0.898162752360648	0.898162752360648
523000	0.898162752360648	0.898162752360648	0.898162752360648
524000	0.898162752360648	0.898162752360648	0.898162752360648
525000	0.898162752360648	0.898162752360648	0.898162752360648
526000	0.898162752360648	0.898162752360648	0.898162752360648
527000	0.898162752360648	0.898162752360648	0.898162752360648
528000	0.898162752360648	0.898162752360648	0.898162752360648
529000	0.898162752360648	0.898162752360648	0.898162752360648
530000	0.898162752360648	0.898162752360648	0.898162752360648
531000	0.898162752360648	0.898162752360648	0.898162752360648
532000	0.898162752360648	0.898162752360648	0.898162752360648
533000	0.898162752360648	0.898162752360648	0.898162752360648
534000	0.898162752360648	0.898162752360648	0.898162752360648
535000	0.898162752360648	0.898162752360648	0.898162752360648
536000	0.898162752360648	0.898162752360648	0.898162752360648
537000	0.898162752360648	0.898162752360648	0.898162752360648
538000	0.898162752360648	0.898162752360648	0.898162752360648
539000	0.898162752360648	0.898162752360648	0.898162752360648
540000	0.898162752360648	0.898162752360648	0.898162752360648
541000	0.898162752360648	0.898162752360648	0.898162752360648
542000	0.898162752360648	0.898162752360648	0.898162752360648
543000	0.898162752360648	0.898162752360648	0.898162752360648
544000	0.898162752360648	0.898162752360648	0.898162752360648
545000	0.898162752360648	0.898162752360648	0.898162752360648
546000	0.898162752360648	0.898162752360648	0.898162752360648
547000	0.898162752360648	0.898162752360648	0.898162752360648
548000	0.898162752360648	0.898162752360648	0.898162752360648
549000	0.898162752360648	0.898162752360648	0.898162752360648
550000	0.898162752360648	0.898162752360648	0.898162752360648
551000	0.898162752360648	0.898162752360648	0.898162752360648
552000	0.898162752360648	0.898162752360648	0.898162752360648
553000	0.898162752360648	0.898162752360648	0.898162752360648
554000	0.898162752360648	0.898162752360648	0.898162752360648
555000	0.898162752360648	0.898162752360648	0.898162752360648
556000	0.898162752360648	0.898162752360648	0.898162752360648
557000	0.898162752360648	0.898162752360648	0.898162752360648
558000	0.898162752360648	0.898162752360648	0.898162752360648
559000	0.898162752360648	0.898162752360648	0.898162752360648
560000	0.898162752360648	0.898162752360648	0.898162752360648
561000	0.898162752360648	0.898162752360648	0.898162752360648
562000	0.898162752360648	0.898162752360648	0.898162752360648
563000	0.898162752360648	0.898162752360648	0.898162752360648
564000	0.898162752360648	0.898162752360648	0.898162752360648
565000	0.898162752360648	0.898162752360648	0.898162752360648
566000	0.898162752360648	0.898162752360648	0.898162752360648
567000	0.898162752360648	0.898162752360648	0.898162752360648
568000	0.898162752360648	0.898162752360648	0.898162752360648
569000	0.898162752360648	0.898162752360648	0.898162752360648
570000	0.898162752360648	0.898162752360648	0.898162752360648
571000	0.898162752360648	0.898162752360648	0.898162752360648
572000	0.898162752360648	0.898162752360648	0.898162752360648
573000	0.898162752360648	0.898162752360648	0.898162752360648
574000	0.898162752360648	0.898162752360648	0.898162752360648
575000	0.898162752360648	0.898162752360648	0.898162752360648
576000	0.898162752360648	0.898162752360648	0.898162752360648
577000	0.898162752360648	0.898162752360648	0.898162752360648
578000	0.898162752360648	0.898162752360648	0.898162752360648
579000	0.898162752360648	0.898162752360648	0.898162752360648
580000	0.898162752360648	0.898162752360648	0.898162752360648
581000	0.898162752360648	0.898162752360648	0.898162752360648
582000	0.898162752360648	0.898162752360648	0.898162752360648
583000	0.898162752360648	0.898162752360648	0.898162752360648
584000	0.898162752360648	0.898162752360648	0.898162752360648
585000	0.898162752360648	0.898162752360648	0.898162752360648
586000	0.898162752360648	0.898162752360648	0.898162752360648
587000	0.898162752360648	0.898162752360648	0.898162752360648
588000	0.898162752360648	0.898162752360648	0.898162752360648
589000	0.898162752360648	0.898162752360648	0.898162752360648
590000	0.898162752360648	0.898162752360648	0.898162752360648
591000	0.898162752360648	0.898162752360648	0.898162752360648
592000	0.898162752360648	0.898162752360648	0.898162752360648
593000	0.898162752360648	0.898162752360648	0.898162752360648
594000	0.898162752360648	0.898162752360648	0.898162752360648
595000	0.898162752360648	0.898162752360648	0.898162752360648
596000	0.898162752360648	0.898162752360648	0.898162752360648
597000	0.898162752360648	0.898162752360648	0.898162752360648
598000	0.898162752360648	0.898162752360648	0.898162752360648
599000	0.898162752360648	0.898162752360648	0.898162752360648
600000	0.898162752360648	0.898162752360648	0.898162752360648
601000	0.898162752360648	0.898162752360648	0.898162752360648
602000	0.898162752360648	0.898162752360648	0.898162752360648
603000	0.898162752360648	0.898162752360648	0.898162752360648
604000	0.898162752360648	0.898162752360648	0.898162752360648
605000	0.898162752360648	0.898162752360648	0.898162752360648
606000	0.898162752360648	0.898162752360648	0.898162752360648
607000	0.898162752360648	0.898162752360648	0.898162752360648
608000	0.898162752360648	0.898162752360648	0.898162752360648
609000	0.898162752360648	0.898162752360648	0.898162752360648
610000	0.898162752360648	0.898162752360648	0.898162752360648
611000	0.898162752360648	0.898162752360648	0.898162752360648
612000	0.898162752360648	0.898162752360648	0.898162752360648
613000	0.898162752360648	0.898162752360648	0.898162752360648
614000	0.898162752360648	0.898162752360648	0.898162752360648
615000	0.898162752360648	0.898162752360648	0.898162752360648
616000	0.898162752360648	0.898162752360648	0.898162752360648
617000	0.898162752360648	0.898162752360648	0.898162752360648
618000	0.898162752360648	0.898162752360648	0.898162752360648
619000	0.898162752360648	0.898162752360648	0.898162752360648
620000	0.898162752360648	0.898162752360648	0.898162752360648
621000	0.898162752360648	0.898162752360648	0.898162752360648
622000	0.898162752360648	0.898162752360648	0.898162752360648
623000	0.898162752360648	0.898162752360648	0.898162752360648
624000	0.898162752360648	0.898162752360648	0.898162752360648
625000	0.898162752360648	0.898162752360648	0.898162752360648
626000	0.898162752360648	0.898162752360648	0.898162752360648
627000	0.898162752360648	0.898162752360648	0.898162752360648
628000	0.898162752360648	0.898162752360648	0.898162752360648
629000	0.898162752360648	0.898162752360648	0.898162752360648
630000	0.898162752360648	0.898162752360648	0.898162752360648
631000	0.898162752360648	0.898162752360648	0.898162752360648
632000	0.898162752360648	0.898162752360648	0.898162752360648
633000	0.898162752360648	0.898162752360648	0.898162752360648
634000	0.898162752360648	0.898162752360648	0.898162752360648
635000	0.898162752360648	0.898162752360648	0.898162752360648
636000	0.898162752360648	0.898162752360648	0.898162752360648
637000	0.898162752360648	0.898162752360648	0.898162752360648
638000	0.898162752360648	0.898162752360648	0.898162752360648
639000	0.898162752360648	0.898162752360648	0.898162752360648
640000	0.898162752360648	0.898162752360648	0.898162752360648
641000	0.898162752360648	0.898162752360648	0.898162752360648
642000	0.898162752360648	0.898162752360648	0.898162752360648
643000	0.898162752360648	0.898162752360648	0.898162752360648
644000	0.898162752360648	0.898162752360648	0.898162752360648
645000	0.898162752360648	0.898162752360648	0.898162752360648
646000	0.898162752360648	0.898162752360648	0.898162752360648
647000	0.898162752360648	0.898162752360648	0.898162752360648
648000	0.898162752360648	0.898162752360648	0.898162752360648
649000	0.898162752360648	0.898162752360648	0.898162752360648
650000	0.898162752360648	0.898162752360648	0.898162752360648
651000	0.898162752360648	0.898162752360648	0.898162752360648
652000	0.898162752360648	0.898162752360648	0.898162752360648
653000	0.898162752360648	0.898162752360648	0.898162752360648
654000	0.898162752360648	0.898162752360648	0.898162752360648
655000	0.898162752360648	0.898162752360648	0.898162752360648
656000	0.898162752360648	0.898162752360648	0.898162752360648
657000	0.898162752360648	0.898162752360648	0.898162752360648
658000	0.898162752360648	0.898162752360648	0.898162752360648
659000	0.898162752360648	0.898162752360648	0.898162752360648
660000	0.898162752360648	0.898162752360648	0.898162752360648
661000	0.898162752360648	0.898162752360648	0.898162752360648
662000	0.898162752360648	0.898162752360648	0.898162752360648
663000	0.898162752360648	0.898162752360648	0.898162752360648
664000	0.898162752360648	0.898162752360648	0.898162752360648
665000	0.898162752360648	0.898162752360648	0.898162752360648
666000	0.898162752360648	0.898162752360648	0.898162752360648
667000	0.898162752360648	0.898162752360648	0.898162752360648
668000	0.898162752360648	0.898162752360648	0.898162752360648
669000	0.898162752360648	0.898162752360648	0.898162752360648
670000	0.898162752360648	0.898162752360648	0.898162752360648
671000	0.898162752360648	0.898162752360648	0.898162752360648
672000	0.898162752360648	0.898162752360648	0.898162752360648
673000	0.898162752360648	0.898162752360648	0.898162752360648
674000	0.898162752360648	0.898162752360648	0.898162752360648
675000	0.898162752360648	0.898162752360648	0.898162752360648
676000	0.898162752360648	0.898162752360648	0.898162752360648
677000	0.898162752360648	0.898162752360648	0.898162752360648
678000	0.898162752360648	0.898162752360648	0.898162752360648
679000	0.898162752360648	0.898162752360648	0.898162752360648
680000	0.898162752360648	0.898162752360648	0.898162752360648
681000	0.898162752360648	0.898162752360648	0.898162752360648
682000	0.898162752360648	0.898162752360648	0.898162752360648
683000	0.898162752360648	0.898162752360648	0.898162752360648
684000	0.898162752360648	0.898162752360648	0.898162752360648
685000	0.898162752360648	0.898162752360648	0.898162752360648
686000	0.898162752360648	0.898162752360648	0.898162752360648
687000	0.898162752360648	0.898162752360648	0.898162752360648
688000	0.898162752360648	0.898162752360648	0.898162752360648
689000	0.898162752360648	0.898162752360648	0.898162752360648
690000	0.898162752360648	0.898162752360648	0.898162752360648
691000	0.898162752360648	0.898162752360648	0.898162752360648
692000	0.898162752360648	0.898162752360648	0.898162752360648
693000	0.898162752360648	0.898162752360648	0.898162752360648
694000	0.898162752360648	0.898162752360648	0.898162752360648
695000	0.898162752360648	0.898162752360648	0.898162752360648
696000	0.898162752360648	0.898162752360648	0.898162752360648
697000	0.898162752360648	0.898162752360648	0.898162752360648
698000	0.898162752360648	0.898162752360648	0.898162752360648
699000	0.898162752360648	0.898162752360648	0.898162752360648
700000	0.898162752360648	0.898162752360648	0.898162752360648
701000	0.898162752360648	0.898162752360648	0.898162752360648
702000	0.898162752360648	0.898162752360648	0.898162752360648
703000	0.898162752360648	0.898162752360648	0.898162752360648
704000	0.898162752360648	0.898162752360648	0.898162752360648
705000	0.898162752360648	0.898162752360648	0.898162752360648
706000	0.898162752360648	0.898162752360648	0.898162752360648
707000	0.898162752360648	0.898162752360648	0.898162752360648
708000	0.898162752360648	0.898162752360648	0.898162752360648
709000	0.898162752360648	0.898162752360648	0.898162752360648
710000	0.898162752360648	0.898162752360648	0.898162752360648
711000	0.898162752360648	0.898162752360648	0.898162752360648
712000	0.898162752360648	0.898162752360648	0.898162752360648
713000	0.898162752360648	0.898162752360648	0.898162752360648
714000	0.898162752360648	0.898162752360648	0.898162752360648
715000	0.898162752360648	0.898162752360648	0.898162752360648
716000	0.898162752360648	0.898162752360648	0.898162752360648
717000	0.898162752360648	0.898162752360648	0.898162752360648
718000	0.898162752360648	0.898162752360648	0.898162752360648
719000	0.898162752360648	0.898162752360648	0.898162752360648
720000	0.898162752360648	0.898162752360648	0.898162752360648
721000	0.898162752360648	0.898162752360648	0.898162752360648
722000	0.898162752360648	0.898162752360648	0.898162752360648
723000	0.898162752360648	0.898162752360648	0.898162752360648
724000	0.898162752360648	0.898162752360648	0.898162752360648
725000	0.898162752360648	0.898162752360648	0.898162752360648
726000	0.898162752360648	0.898162752360648	0.898162752360648
727000	0.898162752360648	0.898162752360648	0.898162752360648
728000	0.898162752360648	0.898162752360648	0.898162752360648
729000	0.898162752360648	0.898162752360648	0.898162752360648
730000	0.898162752360648	0.898162752360648	0.898162752360648
731000	0.898162752360648	0.898162752360648	0.898162752360648
732000	0.898162752360648	0.898162752360648	0.898162752360648
733000	0.898162752360648	0.898162752360648	0.898162752360648
734000	0.898162752360648	0.898162752360648	0.898162752360648
735000	0.898162752360648	0.898162752360648	0.898162752360648
736000	0.898162752360648	0.898162752360648	0.898162752360648
737000	0.898162752360648	0.898162752360648	0.898162752360648
738000	0.898162752360648	0.898162752360648	0.898162752360648
739000	0.898162752360648	0.898162752360648	0.898162752360648
740000	0.898162752360648	0.898162752360648	0.898162752360648
741000	0.898162752360648	0.898162752360648	0.898162752360648
742000	0.898162752360648	0.898162752360648	0.898162752360648
743000	0.898162752360648	0.898162752360648	0.898162752360648
744000	0.898162752360648	0.898162752360648	0.898162752360648
745000	0.898162752360648	0.898162752360648	0.898162752360648
746000	0.898162752360648	0.898162752360648	0.898162752360648
747000	0.898162752360648	0.898162752360648	0.898162752360648
748000	0.898162752360648	0.898162752360648	0.898162752360648
749000	0.898162752360648	0.898162752360648	0.898162752360648
750000	0.898162752360648	0.898162752360648	0.898162752360648
751000	0.898162752360648	0.898162752360648	0.898162752360648
752000	0.898162752360648	0.898162752360648	0.898162752360648
753000	0.898162752360648	0.898162752360648	0.898162752360648
754000	0.898162752360648	0.898162752360648	0.898162752360648
755000	0.898162752360648	0.898162752360648	0.898162752360648
756000	0.898162752360648	0.898162752360648	0.898162752360648
757000	0.898162752360648	0.898162752360648	0.898162752360648
758000	0.898162752360648	0.898162752360648	0.898162752360648
759000	0.898162752360648	0.898162752360648	0.898162752360648
760000	0.898162752360648	0.898162752360648	0.898162752360648
761000	0.898162752360648	0.898162752360648	0.898162752360648
762000	0.898162752360648	0.898162752360648	0.898162752360648
763000	0.898162752360648	0.898162752360648	0.898162752360648
764000	0.898162752360648	0.898162752360648	0.898162752360648
765000	0.898162752360648	0.898162752360648	0.898162752360648
766000	0.898162752360648	0.898162752360648	0.898162752360648
767000	0.898162752360648	0.898162752360648	0.898162752360648
768000	0.898162752360648	0.898162752360648	0.898162752360648
769000	0.898162752360648	0.898162752360648	0.898162752360648
770000	0.898162752360648	0.898162752360648	0.898162752360648
771000	0.898162752360648	0.898162752360648	0.898162752360648
772000	0.898162752360648	0.898162752360648	0.898162752360648
773000	0.898162752360648	0.898162752360648	0.898162752360648
774000	0.898162752360648	0.898162752360648	0.898162752360648
775000	0.898162752360648	0.898162752360648	0.898162752360648
776000	0.898162752360648	0.898162752360648	0.898162752360648
777000	0.898162752360648	0.898162752360648	0.898162752360648
778000	0.898162752360648	0.898162752360648	0.898162752360648
779000	0.898162752360648	0.898162752360648	0.898162752360648
780000	0.898162752360648	0.898162752360648	0.898162752360648
781000	0.898162752360648	0.898162752360648	0.898162752360648
782000	0.898162752360648	0.898162752360648	0.898162752360648
783000	0.898162752360648	0.898162752360648	0.898162752360648
784000	0.898162752360648	0.898162752360648	0.898162752360648
785000	0.898162752360648	0.898162752360648	0.898162752360648
786000	0.898162752360648	0.898162752360648	0.898162752360648
787000	0.898162752360648	0.898162752360648	0.898162752360648
788000	0.898162752360648	0.898162752360648	0.898162752360648
789000	0.898162752360648	0.898162752360648	0.898162752360648
790000	0.898162752360648	0.898162752360648	0.898162752360648
791000	0.898162752360648	0.898162752360648	0.898162752360648
792000	0.898162752360648	0.898162752360648	0.898162752360648
793000	0.898162752360648	0.898162752360648	0.898162752360648
794000	0.898162752360648	0.898162752360648	0.898162752360648
795000	0.898162752360648	0.898162752360648	0.898162752360648
796000	0.898162752360648	0.898162752360648	0.898162752360648
797000	0.898162752360648	0.898162752360648	0.898162752360648
798000	0.898162752360648	0.898162752360648	0.898162752360648
799000	0.898162752360648	0.898162752360648	0.898162752360648
800000	0.898162752360648	0.898162752360648	0.898162752360648
801000	0.898162752360648	0.898162752360648	0.898162752360648
802000	0.898162752360648	0.898162752360648	0.898162752360648
803000	0.898162752360648	0.898162752360648	0.898162752360648
804000	0.898162752360648	0.898162752360648	0.898162752360648
805000	0.898162752360648	0.898162752360648	0.898162752360648
806000	0.898162752360648	0.898162752360648	0.898162752360648
807000	0.898162752360648	0.898162752360648	0.898162752360648
808000	0.898162752360648	0.898162752360648	0.898162752360648
809000	0.898162752360648	0.898162752360648	0.898162752360648
810000	0.898162752360648	0.898162752360648	0.898162752360648
811000	0.898162752360648	0.898162752360648	0.898162752360648
812000	0.898162752360648	0.898162752360648	0.898162752360648
813000	0.898162752360648	0.898162752360648	0.898162752360648
814000	0.898162752360648	0.898162752360648	0.898162752360648
815000	0.898162752360648	0.898162752360648	0.898162752360648
816000	0.898162752360648	0.898162752360648	0.898162752360648
817000	0.898162752360648	0.898162752360648	0.898162752360648
818000	0.898162752360648	0.898162752360648	0.898162752360648
819000	0.898162752360648	0.898162752360648	0.898162752360648
820000	0.898162752360648	0.898162752360648	0.898162752360648
821000	0.898162752360648	0.898162752360648	0.898162752360648
822000	0.898162752360648	0.898162752360648	0.898162752360648
823000	0.898162752360648	0.898162752360648	0.898162752360648
824000	0.898162752360648	0.898162752360648	0.898162752360648
825000	0.898162752360648	0.898162752360648	0.898162752360648
826000	0.898162752360648	0.898162752360648	0.898162752360648
827000	0.898162752360648	0.898162752360648	0.898162752360648
828000	0.898162752360648	0.898162752360648	0.898162752360648
829000	0.898162752360648	0.898162752360648	0.898162752360648
830000	0.898162752360648	0.898162752360648	0.898162752360648
831000	0.898162752360648	0.898162752360648	0.898162752360648
832000	0.898162752360648	0.898162752360648	0.898162752360648
833000	0.898162752360648	0.898162752360648	0.898162752360648
834000	0.898162752360648	0.898162752360648	0.898162752360648
835000	0.898162752360648	0.898162752360648	0.898162752360648
836000	0.898162752360648	0.898162752360648	0.898162752360648
837000	0.898162752360648	0.898162752360648	0.898162752360648
838000	0.898162752360648	0.898162752360648	0.898162752360648
839000	0.898162752360648	0.898162752360648	0.898162752360648
840000	0.898162752360648	0.898162752360648	0.898162752360648
841000	0.898162752360648	0.898162752360648	0.898162752360648
842000	0.898162752360648	0.898162752360648	0.898162752360648
843000	0.898162752360648	0.898162752360648	0.898162752360648
844000	0.898162752360648	0.898162752360648	0.898162752360648
845000	0.898162752360648	0.898162752360648	0.898162752360648
846000	0.898162752360648	0.898162752360648	0.898162752360648
847000	0.898162752360648	0.898162752360648	0.898162752360648
848000	0.898162752360648	0.898162752360648	0.898162752360648
849000	0.898162752360648	0.898162752360648	0.898162752360648
850000	0.898162752360648	0.898162752360648	0.898162752360648
851000	0.898162752360648	0.898162752360648	0.898162752360648
852000	0.898162752360648	0.898162752360648	0.898162752360648
853000	0.898162752360648	0.898162752360648	0.898162752360648
854000	0.898162752360648	0.898162752360648	0.898162752360648
855000	0.898162752360648	0.898162752360648	0.898162752360648
856000	0.898162752360648	0.898162752360648	0.898162752360648
857000	0.898162752360648	0.898162752360648	0.898162752360648
858000	0.898162752360648	0.898162752360648	0.898162752360648
859000	0.898162752360648	0.898162752360648	0.898162752360648
860000	0.898162752360648	0.898162752360648	0.898162752360648
861000	0.898162752360648	0.898162752360648	0.898162752360648
862000	0.898162752360648	0.898162752360648	0.898162752360648
863000	0.898162752360648	0.898162752360648	0.898162752360648
864000	0.898162752360648	0.898162752360648	0.898162752360648
865000	0.898162752360648	0.898162752360648	0.898162752360648
866000	0.898162752360648	0.898162752360648	0.898162752360648
867000	0.898162752360648	0.898162752360648	0.898162752360648
868000	0.898162752360648	0.898162752360648	0.898162752360648
869000	0.898162752360648	0.898162752360648	0.898162752360648
870000	0.898162752360648	0.898162752360648	0.898162752360648
871000	0.898162752360648	0.898162752360648	0.898162752360648
872000	0.898162752360648	0.898162752360648	0.898162752360648
873000	0.898162752360648	0.898162752360648	0.898162752360648
874000	0.898162752360648	0.898162752360648	0.898162752360648
875000	0.898162752360648	0.898162752360648	0.898162752360648
876000	0.898162752360648	0.898162752360648	0.898162752360648
877000	0.898162752360648	0.898162752360648	0.898162752360648
878000	0.898162752360648	0.898162752360648	0.898162752360648
879000	0.898162752360648	0.898162752360648	0.898162752360648
880000	0.898162752360648	0.898162752360648	0.898162752360648
881000	0.898162752360648	0.898162752360648	0.898162752360648
882000	0.898162752360648	0.898162752360648	0.898162752360648
883000	0.898162752360648	0.898162752360648	0.898162752360648
884000	0.898162752360648	0.898162752360648	0.898162752360648
885000	0.898162752360648	0.898162752360648	0.898162752360648
886000	0.898162752360648	0.898162752360648	0.898162752360648
887000	0.898162752360648	0.898162752360648	0.898162752360648
888000	0.898162752360648	0.898162752360648	0.898162752360648
889000	0.898162752360648	0.898162752360648	0.898162752360648
890000	0.898162752360648	0.898162752360648	0.898162752360648
891000	0.898162752360648	0.898162752360648	0.898162752360648
892000	0.898162752360648	0.898162752360648	0.898162752360648
893000	0.898162752360648	0.898162752360648	0.898162752360648
894000	0.898162752360648	0.898162752360648	0.898162752360648
895000	0.898162752360648	0.898162752360648	0.898162752360648
896000	0.898162752360648	0.898162752360648	0.898162752360648
897000	0.898162752360648	0.898162752360648	0.898162752360648
898000	0.898162752360648	0.898162752360648	0.898162752360648
899000	0.898162752360648	0.898162752360648	0.898162752360648
900000	0.898162752360648	0.898162752360648	0.898162752360648
901000	0.898162752360648	0.898162752360648	0.898162752360648
902000	0.898162752360648	0.898162752360648	0.898162752360648
903000	0.898162752360648	0.898162752360648	0.898162752360648
904000	0.898162752360648	0.898162752360648	0.898162752360648
905000	0.898162752360648	0.898162752360648	0.898162752360648
906000	0.898162752360648	0.898162752360648	0.898162752360648
907000	0.898162752360648	0.898162752360648	0.898162752360648
908000	0.898162752360648	0.898162752360648	0.898162752360648
909000	0.898162752360648	0.898162752360648	0.898162752360648
910000	0.898162752360648	0.898162752360648	0.898162752360648
911000	0.898162752360648	0.898162752360648	0.898162752360648
912000	0.898162752360648	0.898162752360648	0.898162752360648
913000	0.898162752360648	0.898162752360648	0.898162752360648
914000	0.898162752360648	0.898162752360648	0.898162752360648
915000	0.898162752360648	0.898162752360648	0.898162752360648
916000	0.898162752360648	0.898162752360648	0.898162752360648
917000	0.898162752360648	0.898162752360648	0.898162752360648
918000	0.898162752360648	0.898162752360648	0.898162752360648
919000	0.898162752360648	0.898162752360648	0.898162752360648
920000	0.898162752360648	0.898162752360648	0.898162752360648
921000	0.898162752360648	0.898162752360648	0.898162752360648
922000	0.898162752360648	0.898162752360648	0.898162752360648
923000	0.898162752360648	0.898162752360648	0.898162752360648
924000	0.898162752360648	0.898162752360648	0.898162752360648
925000	0.898162752360648	0.898162752360648	0.898162752360648
926000	0.898162752360648	0.898162752360648	0.898162752360648
927000	0.898162752360648	0.898162752360648	0.898162752360648
928000	0.898162752360648	0.898162752360648	0.898162752360648
929000	0.898162752360648	0.898162752360648	0.898162752360648
930000	0.898162752360648	0.898162752360648	0.898162752360648
931000	0.898162752360648	0.898162752360648	0.898162752360648
932000	0.898162752360648	0.898162752360648	0.898162752360648
933000	0.898162752360648	0.898162752360648	0.898162752360648
934000	0.898162752360648	0.898162752360648	0.898162752360648
935000	0.898162752360648	0.898162752360648	0.898162752360648
936000	0.898162752360648	0.898162752360648	0.898162752360648
937000	0.898162752360648	0.898162752360648	0.898162752360648
938000	0.898162752360648	0.898162752360648	0.898162752360648
939000	0.898162752360648	0.898162752360648	0.898162752360648
940000	0.898162752360648	0.898162752360648	0.898162752360648
941000	0.898162752360648	0.898162752360648	0.898162752360648
942000	0.898162752360648	0.898162752360648	0.898162752360648
943000	0.898162752360648	0.898162752360648	0.898162752360648
944000	0.898162752360648	0.898162752360648	0.898162752360648
945000	0.898162752360648	0.898162752360648	0.898162752360648
946000	0.898162752360648	0.898162752360648	0.898162752360648
947000	0.898162752360648	0.898162752360648	0.898162752360648
948000	0.898162752360648	0.898162752360648	0.898162752360648
949000	0.898162752360648	0.898162752360648	0.898162752360648
950000	0.898162752360648	0.898162752360648	0.898162752360648
951000	0.898162752360648	0.898162752360648	0.898162752360648
952000	0.898162752360648	0.898162752360648	0.898162752360648
953000	0.898162752360648	0.898162752360648	0.898162752360648
954000	0.898162752360648	0.898162752360648	0.898162752360648
955000	0.898162752360648	0.898162752360648	0.898162752360648
956000	0.898162752360648	0.898162752360648	0.898162752360648
957000	0.898162752360648	0.898162752360648	0.898162752360648
958000	0.898162752360648	0.898162752360648	0.898162752360648
959000	0.898162752360648	0.898162752360648	0.898162752360648
960000	0.898162752360648	0.898162752360648	0.898162752360648
961000	0.898162752360648	0.898162752360648	0.898162752360648
962000	0.898162752360648	0.898162752360648	0.898162752360648
963000	0.898162752360648	0.898162752360648	0.898162752360648
964000	0.898162752360648	0.898162752360648	0.898162752360648
965000	0.898162752360648	0.898162752360648	0.898162752360648
966000	0.898162752360648	0.898162752360648	0.898162752360648
967000	0.898162752360648	0.898162752360648	0.898162752360648
968000	0.898162752360648	0.898162752360648	0.898162752360648
969000	0.898162752360648	0.898162752360648	0.898162752360648
970000	0.898162752360648	0.898162752360648	0.898162752360648
971000	0.898162752360648	0.898162752360648	0.898162752360648
972000	0.898162752360648	0.898162752360648	0.898162752360648
973000	0.898162752360648	0.898162752360648	0.898162752360648
974000	0.898162752360648	0.898162752360648	0.898162752360648
975000	0.898162752360648	0.898162752360648	0.898162752360648
976000	0.898162752360648	0.898162752360648	0.898162752360648
977000	0.898162752360648	0.898162752360648	0.898162752360648
978000	0.898162752360648	0.898162752360648	0.898162752360648
979000	0.898162752360648	0.898162752360648	0.898162752360648
980000	0.898162752360648	0.898162752360648	0.898162752360648
981000	0.898162752360648	0.898162752360648	0.898162752360648
982000	0.898162752360648	0.898162752360648	0.898162752360648
983000	0.898162752360648	0.898162752360648	0.898162752360648
984000	0.898162752360648	0.898162752360648	0.898162752360648
985000	0.898162752360648	0.898162752360648	0.898162752360648
986000	0.898162752360648	0.898162752360648	0.898162752360648
987000	0.898162752360648	0.898162752360648	0.898162752360648
988000	0.898162752360648	0.898162752360648	0.898162752360648
989000	0.898162752360648	0.898162752360648	0.898162752360648
990000	0.898162752360648	0.898162752360648	0.898162752360648
991000	0.898162752360648	0.898162752360648	0.898162752360648
992000	0.898162752360648	0.898162752360648	0.898162752360648
993000	0.898162752360648	0.898162752360648	0.898162752360648
994000	0.898162752360648	0.898162752360648	0.898162752360648
995000	0.898162752360648	0.898162752360648	0.898162752360648
996000	0.898162752360648	0.898162752360648	0.898162752360648
997000	0.898162752360648	0.898162752360648	0.898162752360648
998000	0.898162752360648	0.898162752360648	0.898162752360648
999000	0.898162752360648	0.898162752360648	0.898162752360648
1000000	0.898162752360648	0.898162752360648	0.898162752360648
