1000	0.10125	0.10125	0.10125
2000	0.0	0.0	0.0
3000	0.125	0.125	0.125
4000	0.0	0.0	0.0
5000	0.0	0.0	0.0
6000	0.375	0.375	0.375
7000	0.25	0.25	0.25
8000	0.374692625	0.374692625	0.374692625
9000	0.131541845412842	0.131541845412842	0.131541845412842
10000	0.37875671810111633	0.37875671810111633	0.37875671810111633
11000	0.375	0.375	0.375
12000	0.22625	0.22625	0.22625
13000	0.316430125	0.316430125	0.316430125
14000	0.4525	0.4525	0.4525
15000	0.1437618294121249	0.1437618294121249	0.1437618294121249
16000	0.542680125	0.542680125	0.542680125
17000	0.625	0.625	0.625
18000	0.47625	0.47625	0.47625
19000	0.5	0.5	0.5
20000	0.634970805384609	0.634970805384609	0.634970805384609
21000	0.316430125	0.316430125	0.316430125
22000	0.816430125	0.816430125	0.816430125
23000	1.0	1.0	1.0
24000	0.8512500000000001	0.8512500000000001	0.8512500000000001
25000	0.8275	0.8275	0.8275
26000	0.75	0.75	0.75
27000	0.9762500000000001	0.9762500000000001	0.9762500000000001
28000	0.966125	0.966125	0.966125
29000	0.875	0.875	0.875
30000	0.875	0.875	0.875
31000	1.0	1.0	1.0
32000	0.875	0.875	0.875
33000	1.0	1.0	1.0
34000	1.0	1.0	1.0
35000	0.966125	0.966125	0.966125
36000	0.9570125	0.9570125	0.9570125
37000	0.875	0.875	0.875
38000	1.0	1.0	1.0
39000	1.0	1.0	1.0
40000	1.0	1.0	1.0
41000	1.0	1.0	1.0
42000	0.9762500000000001	0.9762500000000001	0.9762500000000001
43000	1.0	1.0	1.0
44000	0.941430125	0.941430125	0.941430125
45000	1.0	1.0	1.0
46000	1.0	1.0	1.0
47000	1.0	1.0	1.0
48000	0.9762500000000001	0.9762500000000001	0.9762500000000001
49000	0.9762500000000001	0.9762500000000001	0.9762500000000001
50000	1.0	1.0	1.0
51000	0.875	0.875	0.875
52000	0.966125	0.966125	0.966125
53000	1.0	1.0	1.0
54000	1.0	1.0	1.0
55000	1.0	1.0	1.0
56000	1.0	1.0	1.0
57000	0.8512500000000001	0.8512500000000001	0.8512500000000001
58000	0.9762500000000001	0.9762500000000001	0.9762500000000001
59000	0.9762500000000001	0.9762500000000001	0.9762500000000001
60000	0.9762500000000001	0.9762500000000001	0.9762500000000001
61000	1.0	1.0	1.0
62000	1.0	1.0	1.0
63000	1.0	1.0	1.0
64000	1.0	1.0	1.0
65000	1.0	1.0	1.0
66000	1.0	1.0	1.0
67000	1.0	1.0	1.0
68000	1.0	1.0	1.0
69000	1.0	1.0	1.0
70000	1.0	1.0	1.0
71000	1.0	1.0	1.0
72000	1.0	1.0	1.0
73000	1.0	1.0	1.0
74000	0.9570125	0.9570125	0.9570125
75000	0.9762500000000001	0.9762500000000001	0.9762500000000001
76000	0.875	0.875	0.875
77000	1.0	1.0	1.0
78000	1.0	1.0	1.0
79000	0.9570125	0.9570125	0.9570125
80000	1.0	1.0	1.0
81000	0.875	0.875	0.875
82000	1.0	1.0	1.0
83000	1.0	1.0	1.0
84000	0.966125	0.966125	0.966125
85000	0.9762500000000001	0.9762500000000001	0.9762500000000001
86000	0.9762500000000001	0.9762500000000001	0.9762500000000001
87000	0.941430125	0.941430125	0.941430125
88000	1.0	1.0	1.0
89000	0.966125	0.966125	0.966125
90000	1.0	1.0	1.0
91000	1.0	1.0	1.0
92000	1.0	1.0	1.0
93000	1.0	1.0	1.0
94000	1.0	1.0	1.0
95000	0.875	0.875	0.875
96000	1.0	1.0	1.0
97000	1.0	1.0	1.0
98000	1.0	1.0	1.0
99000	0.941430125	0.941430125	0.941430125
100000	0.875	0.875	0.875
101000	1.0	1.0	1.0
102000	1.0	1.0	1.0
103000	1.0	1.0	1.0
104000	0.9762500000000001	0.9762500000000001	0.9762500000000001
105000	0.9762500000000001	0.9762500000000001	0.9762500000000001
106000	1.0	1.0	1.0
107000	1.0	1.0	1.0
108000	0.841125	0.841125	0.841125
109000	0.966125	0.966125	0.966125
110000	0.966125	0.966125	0.966125
111000	0.966125	0.966125	0.966125
112000	0.9762500000000001	0.9762500000000001	0.9762500000000001
113000	0.9762500000000001	0.9762500000000001	0.9762500000000001
114000	0.9762500000000001	0.9762500000000001	0.9762500000000001
115000	0.9762500000000001	0.9762500000000001	0.9762500000000001
116000	0.9762500000000001	0.9762500000000001	0.9762500000000001
117000	0.9762500000000001	0.9762500000000001	0.9762500000000001
118000	1.0	1.0	1.0
119000	0.9762500000000001	0.9762500000000001	0.9762500000000001
120000	1.0	1.0	1.0
121000	1.0	1.0	1.0
122000	1.0	1.0	1.0
123000	1.0	1.0	1.0
124000	1.0	1.0	1.0
125000	0.875	0.875	0.875
126000	1.0	1.0	1.0
127000	1.0	1.0	1.0
128000	0.8512500000000001	0.8512500000000001	0.8512500000000001
129000	0.875	0.875	0.875
130000	0.9762500000000001	0.9762500000000001	0.9762500000000001
131000	0.9762500000000001	0.9762500000000001	0.9762500000000001
132000	0.9762500000000001	0.9762500000000001	0.9762500000000001
133000	0.9762500000000001	0.9762500000000001	0.9762500000000001
134000	1.0	1.0	1.0
135000	1.0	1.0	1.0
136000	1.0	1.0	1.0
137000	0.9762500000000001	0.9762500000000001	0.9762500000000001
138000	0.9762500000000001	0.9762500000000001	0.9762500000000001
139000	0.75	0.75	0.75
140000	1.0	1.0	1.0
141000	0.875	0.875	0.875
142000	1.0	1.0	1.0
143000	0.75	0.75	0.75
144000	1.0	1.0	1.0
145000	0.875	0.875	0.875
146000	1.0	1.0	1.0
147000	1.0	1.0	1.0
148000	1.0	1.0	1.0
149000	1.0	1.0	1.0
150000	1.0	1.0	1.0
151000	1.0	1.0	1.0
152000	0.9762500000000001	0.9762500000000001	0.9762500000000001
153000	1.0	1.0	1.0
154000	0.8512500000000001	0.8512500000000001	0.8512500000000001
155000	1.0	1.0	1.0
156000	1.0	1.0	1.0
157000	1.0	1.0	1.0
158000	1.0	1.0	1.0
159000	1.0	1.0	1.0
160000	1.0	1.0	1.0
161000	1.0	1.0	1.0
162000	1.0	1.0	1.0
163000	0.9762500000000001	0.9762500000000001	0.9762500000000001
164000	0.9762500000000001	0.9762500000000001	0.9762500000000001
165000	0.9525000000000001	0.9525000000000001	0.9525000000000001
166000	0.9762500000000001	0.9762500000000001	0.9762500000000001
167000	0.9525000000000001	0.9525000000000001	0.9525000000000001
168000	0.875	0.875	0.875
169000	0.942375	0.942375	0.942375
170000	0.841125	0.841125	0.841125
171000	0.9762500000000001	0.9762500000000001	0.9762500000000001
172000	0.917680125	0.917680125	0.917680125
173000	0.9762500000000001	0.9762500000000001	0.9762500000000001
174000	1.0	1.0	1.0
175000	1.0	1.0	1.0
176000	1.0	1.0	1.0
177000	0.9762500000000001	0.9762500000000001	0.9762500000000001
178000	0.9762500000000001	0.9762500000000001	0.9762500000000001
179000	0.8512500000000001	0.8512500000000001	0.8512500000000001
180000	0.942375	0.942375	0.942375
181000	0.9762500000000001	0.9762500000000001	0.9762500000000001
182000	0.9762500000000001	0.9762500000000001	0.9762500000000001
183000	0.8275	0.8275	0.8275
184000	0.942375	0.942375	0.942375
185000	0.966125	0.966125	0.966125
186000	1.0	1.0	1.0
187000	0.9762500000000001	0.9762500000000001	0.9762500000000001
188000	0.9762500000000001	0.9762500000000001	0.9762500000000001
189000	0.9570125	0.9570125	0.9570125
190000	0.9762500000000001	0.9762500000000001	0.9762500000000001
191000	1.0	1.0	1.0
192000	1.0	1.0	1.0
193000	1.0	1.0	1.0
194000	1.0	1.0	1.0
195000	1.0	1.0	1.0
196000	1.0	1.0	1.0
197000	1.0	1.0	1.0
198000	0.9762500000000001	0.9762500000000001	0.9762500000000001
199000	0.9762500000000001	0.9762500000000001	0.9762500000000001
200000	0.9332625000000001	0.9332625000000001	0.9332625000000001
201000	0.9762500000000001	0.9762500000000001	0.9762500000000001
202000	0.9762500000000001	0.9762500000000001	0.9762500000000001
203000	0.9762500000000001	0.9762500000000001	0.9762500000000001
204000	0.8512500000000001	0.8512500000000001	0.8512500000000001
205000	0.9762500000000001	0.9762500000000001	0.9762500000000001
206000	0.8512500000000001	0.8512500000000001	0.8512500000000001
207000	0.9525000000000001	0.9525000000000001	0.9525000000000001
208000	0.8512500000000001	0.8512500000000001	0.8512500000000001
209000	0.9287500000000002	0.9287500000000002	0.9287500000000002
210000	0.9525000000000001	0.9525000000000001	0.9525000000000001
211000	0.9525000000000001	0.9525000000000001	0.9525000000000001
212000	0.9762500000000001	0.9762500000000001	0.9762500000000001
213000	0.9762500000000001	0.9762500000000001	0.9762500000000001
214000	1.0	1.0	1.0
215000	0.966125	0.966125	0.966125
216000	1.0	1.0	1.0
217000	0.9525000000000001	0.9525000000000001	0.9525000000000001
218000	1.0	1.0	1.0
219000	1.0	1.0	1.0
220000	1.0	1.0	1.0
221000	0.9762500000000001	0.9762500000000001	0.9762500000000001
222000	0.9762500000000001	0.9762500000000001	0.9762500000000001
223000	1.0	1.0	1.0
224000	0.8512500000000001	0.8512500000000001	0.8512500000000001
225000	1.0	1.0	1.0
226000	0.8512500000000001	0.8512500000000001	0.8512500000000001
227000	0.9762500000000001	0.9762500000000001	0.9762500000000001
228000	0.9762500000000001	0.9762500000000001	0.9762500000000001
229000	0.9762500000000001	0.9762500000000001	0.9762500000000001
230000	0.9762500000000001	0.9762500000000001	0.9762500000000001
231000	1.0	1.0	1.0
232000	1.0	1.0	1.0
233000	1.0	1.0	1.0
234000	0.9762500000000001	0.9762500000000001	0.9762500000000001
235000	1.0	1.0	1.0
236000	1.0	1.0	1.0
237000	0.941430125	0.941430125	0.941430125
238000	0.9762500000000001	0.9762500000000001	0.9762500000000001
239000	0.9762500000000001	0.9762500000000001	0.9762500000000001
240000	0.9762500000000001	0.9762500000000001	0.9762500000000001
241000	0.9762500000000001	0.9762500000000001	0.9762500000000001
242000	0.9525000000000001	0.9525000000000001	0.9525000000000001
243000	0.9762500000000001	0.9762500000000001	0.9762500000000001
244000	1.0	1.0	1.0
245000	1.0	1.0	1.0
246000	0.9525000000000001	0.9525000000000001	0.9525000000000001
247000	0.9762500000000001	0.9762500000000001	0.9762500000000001
248000	0.9762500000000001	0.9762500000000001	0.9762500000000001
249000	0.942375	0.942375	0.942375
250000	1.0	1.0	1.0
251000	1.0	1.0	1.0
252000	1.0	1.0	1.0
253000	1.0	1.0	1.0
254000	1.0	1.0	1.0
255000	1.0	1.0	1.0
256000	1.0	1.0	1.0
257000	1.0	1.0	1.0
258000	1.0	1.0	1.0
259000	1.0	1.0	1.0
260000	1.0	1.0	1.0
261000	1.0	1.0	1.0
262000	1.0	1.0	1.0
263000	0.9762500000000001	0.9762500000000001	0.9762500000000001
264000	0.9525000000000001	0.9525000000000001	0.9525000000000001
265000	1.0	1.0	1.0
266000	0.875	0.875	0.875
267000	0.875	0.875	0.875
268000	1.0	1.0	1.0
269000	1.0	1.0	1.0
270000	0.8772810004539251	0.8772810004539251	0.8772810004539251
271000	1.0	1.0	1.0
272000	1.0	1.0	1.0
273000	1.0	1.0	1.0
274000	0.875	0.875	0.875
275000	1.0	1.0	1.0
276000	1.0	1.0	1.0
277000	0.9762500000000001	0.9762500000000001	0.9762500000000001
278000	1.0	1.0	1.0
279000	0.966125	0.966125	0.966125
280000	0.966125	0.966125	0.966125
281000	0.9762500000000001	0.9762500000000001	0.9762500000000001
282000	0.9762500000000001	0.9762500000000001	0.9762500000000001
283000	0.9762500000000001	0.9762500000000001	0.9762500000000001
284000	0.9570125	0.9570125	0.9570125
285000	1.0	1.0	1.0
286000	0.9762500000000001	0.9762500000000001	0.9762500000000001
287000	0.9762500000000001	0.9762500000000001	0.9762500000000001
288000	1.0	1.0	1.0
289000	1.0	1.0	1.0
290000	1.0	1.0	1.0
291000	1.0	1.0	1.0
292000	1.0	1.0	1.0
293000	0.875	0.875	0.875
294000	1.0	1.0	1.0
295000	1.0	1.0	1.0
296000	1.0	1.0	1.0
297000	1.0	1.0	1.0
298000	1.0	1.0	1.0
299000	1.0	1.0	1.0
300000	1.0	1.0	1.0
301000	1.0	1.0	1.0
302000	1.0	1.0	1.0
303000	1.0	1.0	1.0
304000	1.0	1.0	1.0
305000	1.0	1.0	1.0
306000	1.0	1.0	1.0
307000	1.0	1.0	1.0
308000	1.0	1.0	1.0
309000	1.0	1.0	1.0
310000	1.0	1.0	1.0
311000	1.0	1.0	1.0
312000	1.0	1.0	1.0
313000	0.9762500000000001	0.9762500000000001	0.9762500000000001
314000	1.0	1.0	1.0
315000	0.875	0.875	0.875
316000	0.9762500000000001	0.9762500000000001	0.9762500000000001
317000	1.0	1.0	1.0
318000	1.0	1.0	1.0
319000	0.716125	0.716125	0.716125
320000	1.0	1.0	1.0
321000	0.9762500000000001	0.9762500000000001	0.9762500000000001
322000	1.0	1.0	1.0
323000	0.9762500000000001	0.9762500000000001	0.9762500000000001
324000	1.0	1.0	1.0
325000	1.0	1.0	1.0
326000	1.0	1.0	1.0
327000	1.0	1.0	1.0
328000	0.9762500000000001	0.9762500000000001	0.9762500000000001
329000	0.9762500000000001	0.9762500000000001	0.9762500000000001
330000	1.0	1.0	1.0
331000	1.0	1.0	1.0
332000	1.0	1.0	1.0
333000	1.0	1.0	1.0
334000	0.966125	0.966125	0.966125
335000	1.0	1.0	1.0
336000	0.9762500000000001	0.9762500000000001	0.9762500000000001
337000	0.942375	0.942375	0.942375
338000	0.9762500000000001	0.9762500000000001	0.9762500000000001
339000	1.0	1.0	1.0
340000	1.0	1.0	1.0
341000	1.0	1.0	1.0
342000	1.0	1.0	1.0
343000	1.0	1.0	1.0
344000	1.0	1.0	1.0
345000	1.0	1.0	1.0
346000	1.0	1.0	1.0
347000	1.0	1.0	1.0
348000	0.9762500000000001	0.9762500000000001	0.9762500000000001
349000	0.875	0.875	0.875
350000	0.9762500000000001	0.9762500000000001	0.9762500000000001
351000	0.9762500000000001	0.9762500000000001	0.9762500000000001
352000	0.9762500000000001	0.9762500000000001	0.9762500000000001
353000	0.9762500000000001	0.9762500000000001	0.9762500000000001
354000	0.942375	0.942375	0.942375
355000	1.0	1.0	1.0
356000	0.9570125	0.9570125	0.9570125
357000	1.0	1.0	1.0
358000	1.0	1.0	1.0
359000	1.0	1.0	1.0
360000	1.0	1.0	1.0
361000	1.0	1.0	1.0
362000	1.0	1.0	1.0
363000	1.0	1.0	1.0
364000	1.0	1.0	1.0
365000	1.0	1.0	1.0
366000	1.0	1.0	1.0
367000	1.0	1.0	1.0
368000	1.0	1.0	1.0
369000	0.9762500000000001	0.9762500000000001	0.9762500000000001
370000	1.0	1.0	1.0
371000	1.0	1.0	1.0
372000	1.0	1.0	1.0
373000	0.9762500000000001	0.9762500000000001	0.9762500000000001
374000	0.9762500000000001	0.9762500000000001	0.9762500000000001
375000	1.0	1.0	1.0
376000	1.0	1.0	1.0
377000	1.0	1.0	1.0
378000	0.9762500000000001	0.9762500000000001	0.9762500000000001
379000	1.0	1.0	1.0
380000	1.0	1.0	1.0
381000	0.9762500000000001	0.9762500000000001	0.9762500000000001
382000	0.9762500000000001	0.9762500000000001	0.9762500000000001
383000	1.0	1.0	1.0
384000	1.0	1.0	1.0
385000	0.9762500000000001	0.9762500000000001	0.9762500000000001
386000	1.0	1.0	1.0
387000	0.875	0.875	0.875
388000	1.0	1.0	1.0
389000	0.9762500000000001	0.9762500000000001	0.9762500000000001
390000	1.0	1.0	1.0
391000	1.0	1.0	1.0
392000	1.0	1.0	1.0
393000	1.0	1.0	1.0
394000	1.0	1.0	1.0
395000	0.966125	0.966125	0.966125
396000	1.0	1.0	1.0
397000	0.9762500000000001	0.9762500000000001	0.9762500000000001
398000	1.0	1.0	1.0
399000	1.0	1.0	1.0
400000	1.0	1.0	1.0
401000	0.9762500000000001	0.9762500000000001	0.9762500000000001
402000	0.9762500000000001	0.9762500000000001	0.9762500000000001
403000	1.0	1.0	1.0
404000	1.0	1.0	1.0
405000	1.0	1.0	1.0
406000	1.0	1.0	1.0
407000	1.0	1.0	1.0
408000	1.0	1.0	1.0
409000	1.0	1.0	1.0
410000	1.0	1.0	1.0
411000	1.0	1.0	1.0
412000	1.0	1.0	1.0
413000	0.875	0.875	0.875
414000	1.0	1.0	1.0
415000	1.0	1.0	1.0
416000	1.0	1.0	1.0
417000	1.0	1.0	1.0
418000	1.0	1.0	1.0
419000	1.0	1.0	1.0
420000	0.9762500000000001	0.9762500000000001	0.9762500000000001
421000	1.0	1.0	1.0
422000	0.875	0.875	0.875
423000	1.0	1.0	1.0
424000	0.9762500000000001	0.9762500000000001	0.9762500000000001
425000	0.9762500000000001	0.9762500000000001	0.9762500000000001
426000	0.9762500000000001	0.9762500000000001	0.9762500000000001
427000	0.875	0.875	0.875
428000	1.0	1.0	1.0
429000	1.0	1.0	1.0
430000	1.0	1.0	1.0
431000	1.0	1.0	1.0
432000	1.0	1.0	1.0
433000	1.0	1.0	1.0
434000	0.9762500000000001	0.9762500000000001	0.9762500000000001
435000	0.9762500000000001	0.9762500000000001	0.9762500000000001
436000	0.8275000000000001	0.8275000000000001	0.8275000000000001
437000	0.875	0.875	0.875
438000	0.9762500000000001	0.9762500000000001	0.9762500000000001
439000	0.9762500000000001	0.9762500000000001	0.9762500000000001
440000	0.875	0.875	0.875
441000	1.0	1.0	1.0
442000	1.0	1.0	1.0
443000	0.9762500000000001	0.9762500000000001	0.9762500000000001
444000	0.9762500000000001	0.9762500000000001	0.9762500000000001
445000	0.942375	0.942375	0.942375
446000	0.9762500000000001	0.9762500000000001	0.9762500000000001
447000	0.9762500000000001	0.9762500000000001	0.9762500000000001
448000	1.0	1.0	1.0
449000	1.0	1.0	1.0
450000	1.0	1.0	1.0
451000	0.9762500000000001	0.9762500000000001	0.9762500000000001
452000	1.0	1.0	1.0
453000	1.0	1.0	1.0
454000	1.0	1.0	1.0
455000	1.0	1.0	1.0
456000	1.0	1.0	1.0
457000	1.0	1.0	1.0
458000	0.9762500000000001	0.9762500000000001	0.9762500000000001
459000	0.8512500000000001	0.8512500000000001	0.8512500000000001
460000	0.9762500000000001	0.9762500000000001	0.9762500000000001
461000	0.9762500000000001	0.9762500000000001	0.9762500000000001
462000	0.9762500000000001	0.9762500000000001	0.9762500000000001
463000	1.0	1.0	1.0
464000	0.875	0.875	0.875
465000	0.875	0.875	0.875
466000	0.875	0.875	0.875
467000	0.9762500000000001	0.9762500000000001	0.9762500000000001
468000	0.9762500000000001	0.9762500000000001	0.9762500000000001
469000	1.0	1.0	1.0
470000	1.0	1.0	1.0
471000	1.0	1.0	1.0
472000	1.0	1.0	1.0
473000	1.0	1.0	1.0
474000	1.0	1.0	1.0
475000	1.0	1.0	1.0
476000	0.9762500000000001	0.9762500000000001	0.9762500000000001
477000	1.0	1.0	1.0
478000	0.875	0.875	0.875
479000	1.0	1.0	1.0
480000	1.0	1.0	1.0
481000	0.9762500000000001	0.9762500000000001	0.9762500000000001
482000	0.9762500000000001	0.9762500000000001	0.9762500000000001
483000	0.9762500000000001	0.9762500000000001	0.9762500000000001
484000	1.0	1.0	1.0
485000	0.8512500000000001	0.8512500000000001	0.8512500000000001
486000	1.0	1.0	1.0
487000	0.8512500000000001	0.8512500000000001	0.8512500000000001
488000	1.0	1.0	1.0
489000	1.0	1.0	1.0
490000	1.0	1.0	1.0
491000	0.9762500000000001	0.9762500000000001	0.9762500000000001
492000	1.0	1.0	1.0
493000	0.9762500000000001	0.9762500000000001	0.9762500000000001
494000	1.0	1.0	1.0
495000	0.875	0.875	0.875
496000	0.875	0.875	0.875
497000	1.0	1.0	1.0
498000	1.0	1.0	1.0
499000	1.0	1.0	1.0
500000	1.0	1.0	1.0
501000	0.875	0.875	0.875
502000	1.0	1.0	1.0
503000	1.0	1.0	1.0
504000	1.0	1.0	1.0
505000	1.0	1.0	1.0
506000	1.0	1.0	1.0
507000	1.0	1.0	1.0
508000	1.0	1.0	1.0
509000	1.0	1.0	1.0
510000	1.0	1.0	1.0
511000	1.0	1.0	1.0
512000	1.0	1.0	1.0
513000	1.0	1.0	1.0
514000	1.0	1.0	1.0
515000	1.0	1.0	1.0
516000	1.0	1.0	1.0
517000	0.9762500000000001	0.9762500000000001	0.9762500000000001
518000	1.0	1.0	1.0
519000	1.0	1.0	1.0
520000	1.0	1.0	1.0
521000	1.0	1.0	1.0
522000	0.875	0.875	0.875
523000	1.0	1.0	1.0
524000	0.75	0.75	0.75
525000	1.0	1.0	1.0
526000	1.0	1.0	1.0
527000	1.0	1.0	1.0
528000	1.0	1.0	1.0
529000	1.0	1.0	1.0
530000	1.0	1.0	1.0
531000	1.0	1.0	1.0
532000	1.0	1.0	1.0
533000	0.9762500000000001	0.9762500000000001	0.9762500000000001
534000	0.9525000000000001	0.9525000000000001	0.9525000000000001
535000	0.9525000000000001	0.9525000000000001	0.9525000000000001
536000	0.9762500000000001	0.9762500000000001	0.9762500000000001
537000	1.0	1.0	1.0
538000	1.0	1.0	1.0
539000	1.0	1.0	1.0
540000	1.0	1.0	1.0
541000	1.0	1.0	1.0
542000	0.966125	0.966125	0.966125
543000	0.966125	0.966125	0.966125
544000	0.9762500000000001	0.9762500000000001	0.9762500000000001
545000	0.9762500000000001	0.9762500000000001	0.9762500000000001
546000	0.9762500000000001	0.9762500000000001	0.9762500000000001
547000	0.966125	0.966125	0.966125
548000	0.966125	0.966125	0.966125
549000	1.0	1.0	1.0
550000	1.0	1.0	1.0
551000	0.875	0.875	0.875
552000	1.0	1.0	1.0
553000	1.0	1.0	1.0
554000	1.0	1.0	1.0
555000	1.0	1.0	1.0
556000	0.8512500000000001	0.8512500000000001	0.8512500000000001
557000	1.0	1.0	1.0
558000	1.0	1.0	1.0
559000	1.0	1.0	1.0
560000	1.0	1.0	1.0
561000	0.9762500000000001	0.9762500000000001	0.9762500000000001
562000	1.0	1.0	1.0
563000	0.9762500000000001	0.9762500000000001	0.9762500000000001
564000	0.8512500000000001	0.8512500000000001	0.8512500000000001
565000	0.9762500000000001	0.9762500000000001	0.9762500000000001
566000	1.0	1.0	1.0
567000	1.0	1.0	1.0
568000	0.9762500000000001	0.9762500000000001	0.9762500000000001
569000	1.0	1.0	1.0
570000	1.0	1.0	1.0
571000	0.9762500000000001	0.9762500000000001	0.9762500000000001
572000	1.0	1.0	1.0
573000	0.875	0.875	0.875
574000	1.0	1.0	1.0
575000	0.9762500000000001	0.9762500000000001	0.9762500000000001
576000	0.9762500000000001	0.9762500000000001	0.9762500000000001
577000	0.9525000000000001	0.9525000000000001	0.9525000000000001
578000	0.9525000000000001	0.9525000000000001	0.9525000000000001
579000	0.9525000000000001	0.9525000000000001	0.9525000000000001
580000	1.0	1.0	1.0
581000	1.0	1.0	1.0
582000	1.0	1.0	1.0
583000	1.0	1.0	1.0
584000	0.9570125	0.9570125	0.9570125
585000	1.0	1.0	1.0
586000	1.0	1.0	1.0
587000	1.0	1.0	1.0
588000	0.875	0.875	0.875
589000	0.9762500000000001	0.9762500000000001	0.9762500000000001
590000	1.0	1.0	1.0
591000	1.0	1.0	1.0
592000	1.0	1.0	1.0
593000	1.0	1.0	1.0
594000	1.0	1.0	1.0
595000	0.875	0.875	0.875
596000	1.0	1.0	1.0
597000	1.0	1.0	1.0
598000	1.0	1.0	1.0
599000	1.0	1.0	1.0
600000	1.0	1.0	1.0
601000	1.0	1.0	1.0
602000	1.0	1.0	1.0
603000	1.0	1.0	1.0
604000	0.9762500000000001	0.9762500000000001	0.9762500000000001
605000	1.0	1.0	1.0
606000	0.9762500000000001	0.9762500000000001	0.9762500000000001
607000	0.9762500000000001	0.9762500000000001	0.9762500000000001
608000	1.0	1.0	1.0
609000	1.0	1.0	1.0
610000	1.0	1.0	1.0
611000	0.9762500000000001	0.9762500000000001	0.9762500000000001
612000	1.0	1.0	1.0
613000	1.0	1.0	1.0
614000	1.0	1.0	1.0
615000	1.0	1.0	1.0
616000	1.0	1.0	1.0
617000	1.0	1.0	1.0
618000	1.0	1.0	1.0
619000	0.9762500000000001	0.9762500000000001	0.9762500000000001
620000	1.0	1.0	1.0
621000	1.0	1.0	1.0
622000	1.0	1.0	1.0
623000	0.898162752360648	0.898162752360648	0.898162752360648
624000	1.0	1.0	1.0
625000	1.0	1.0	1.0
626000	1.0	1.0	1.0
627000	1.0	1.0	1.0
628000	1.0	1.0	1.0
629000	1.0	1.0	1.0
630000	1.0	1.0	1.0
631000	1.0	1.0	1.0
632000	0.875	0.875	0.875
633000	0.9762500000000001	0.9762500000000001	0.9762500000000001
634000	0.9762500000000001	0.9762500000000001	0.9762500000000001
635000	0.9762500000000001	0.9762500000000001	0.9762500000000001
636000	1.0	1.0	1.0
637000	1.0	1.0	1.0
638000	1.0	1.0	1.0
639000	1.0	1.0	1.0
640000	1.0	1.0	1.0
641000	1.0	1.0	1.0
642000	1.0	1.0	1.0
643000	1.0	1.0	1.0
644000	1.0	1.0	1.0
645000	1.0	1.0	1.0
646000	1.0	1.0	1.0
647000	1.0	1.0	1.0
648000	0.875	0.875	0.875
649000	1.0	1.0	1.0
650000	1.0	1.0	1.0
651000	1.0	1.0	1.0
652000	0.9762500000000001	0.9762500000000001	0.9762500000000001
653000	0.9762500000000001	0.9762500000000001	0.9762500000000001
654000	1.0	1.0	1.0
655000	1.0	1.0	1.0
656000	0.9762500000000001	0.9762500000000001	0.9762500000000001
657000	1.0	1.0	1.0
658000	1.0	1.0	1.0
659000	1.0	1.0	1.0
660000	0.966125	0.966125	0.966125
661000	0.966125	0.966125	0.966125
662000	0.966125	0.966125	0.966125
663000	0.942375	0.942375	0.942375
664000	0.966125	0.966125	0.966125
665000	1.0	1.0	1.0
666000	1.0	1.0	1.0
667000	1.0	1.0	1.0
668000	1.0	1.0	1.0
669000	1.0	1.0	1.0
670000	1.0	1.0	1.0
671000	0.875	0.875	0.875
672000	0.9762500000000001	0.9762500000000001	0.9762500000000001
673000	0.9762500000000001	0.9762500000000001	0.9762500000000001
674000	0.9762500000000001	0.9762500000000001	0.9762500000000001
675000	1.0	1.0	1.0
676000	0.9525000000000001	0.9525000000000001	0.9525000000000001
677000	1.0	1.0	1.0
678000	0.875	0.875	0.875
679000	1.0	1.0	1.0
680000	0.875	0.875	0.875
681000	1.0	1.0	1.0
682000	1.0	1.0	1.0
683000	1.0	1.0	1.0
684000	1.0	1.0	1.0
685000	0.875	0.875	0.875
686000	1.0	1.0	1.0
687000	1.0	1.0	1.0
688000	0.8275	0.8275	0.8275
689000	0.9762500000000001	0.9762500000000001	0.9762500000000001
690000	0.9762500000000001	0.9762500000000001	0.9762500000000001
691000	0.9762500000000001	0.9762500000000001	0.9762500000000001
692000	1.0	1.0	1.0
693000	1.0	1.0	1.0
694000	1.0	1.0	1.0
695000	0.875	0.875	0.875
696000	1.0	1.0	1.0
697000	0.875	0.875	0.875
698000	1.0	1.0	1.0
699000	1.0	1.0	1.0
700000	0.9762500000000001	0.9762500000000001	0.9762500000000001
701000	1.0	1.0	1.0
702000	1.0	1.0	1.0
703000	1.0	1.0	1.0
704000	1.0	1.0	1.0
705000	0.875	0.875	0.875
706000	0.9762500000000001	0.9762500000000001	0.9762500000000001
707000	0.8512500000000001	0.8512500000000001	0.8512500000000001
708000	0.9762500000000001	0.9762500000000001	0.9762500000000001
709000	0.9762500000000001	0.9762500000000001	0.9762500000000001
710000	0.9762500000000001	0.9762500000000001	0.9762500000000001
711000	0.9570125	0.9570125	0.9570125
712000	1.0	1.0	1.0
713000	1.0	1.0	1.0
714000	1.0	1.0	1.0
715000	0.9332625000000001	0.9332625000000001	0.9332625000000001
716000	0.9762500000000001	0.9762500000000001	0.9762500000000001
717000	0.8512500000000001	0.8512500000000001	0.8512500000000001
718000	0.9762500000000001	0.9762500000000001	0.9762500000000001
719000	1.0	1.0	1.0
720000	1.0	1.0	1.0
721000	1.0	1.0	1.0
722000	1.0	1.0	1.0
723000	1.0	1.0	1.0
724000	1.0	1.0	1.0
725000	1.0	1.0	1.0
726000	1.0	1.0	1.0
727000	1.0	1.0	1.0
728000	0.9762500000000001	0.9762500000000001	0.9762500000000001
729000	0.9762500000000001	0.9762500000000001	0.9762500000000001
730000	0.9525000000000001	0.9525000000000001	0.9525000000000001
731000	0.9525000000000001	0.9525000000000001	0.9525000000000001
732000	0.9525000000000001	0.9525000000000001	0.9525000000000001
733000	0.9762500000000001	0.9762500000000001	0.9762500000000001
734000	1.0	1.0	1.0
735000	1.0	1.0	1.0
736000	1.0	1.0	1.0
737000	0.8512500000000001	0.8512500000000001	0.8512500000000001
738000	0.9762500000000001	0.9762500000000001	0.9762500000000001
739000	0.9762500000000001	0.9762500000000001	0.9762500000000001
740000	0.9762500000000001	0.9762500000000001	0.9762500000000001
741000	1.0	1.0	1.0
742000	0.9762500000000001	0.9762500000000001	0.9762500000000001
743000	1.0	1.0	1.0
744000	1.0	1.0	1.0
745000	0.9762500000000001	0.9762500000000001	0.9762500000000001
746000	0.9762500000000001	0.9762500000000001	0.9762500000000001
747000	1.0	1.0	1.0
748000	1.0	1.0	1.0
749000	0.9570125	0.9570125	0.9570125
750000	0.966125	0.966125	0.966125
751000	1.0	1.0	1.0
752000	1.0	1.0	1.0
753000	1.0	1.0	1.0
754000	1.0	1.0	1.0
755000	1.0	1.0	1.0
756000	1.0	1.0	1.0
757000	1.0	1.0	1.0
758000	1.0	1.0	1.0
759000	1.0	1.0	1.0
760000	1.0	1.0	1.0
761000	1.0	1.0	1.0
762000	0.9762500000000001	0.9762500000000001	0.9762500000000001
763000	0.941430125	0.941430125	0.941430125
764000	1.0	1.0	1.0
765000	1.0	1.0	1.0
766000	1.0	1.0	1.0
767000	1.0	1.0	1.0
768000	1.0	1.0	1.0
769000	1.0	1.0	1.0
770000	1.0	1.0	1.0
771000	1.0	1.0	1.0
772000	1.0	1.0	1.0
773000	1.0	1.0	1.0
774000	0.9762500000000001	0.9762500000000001	0.9762500000000001
775000	1.0	1.0	1.0
776000	0.9570125	0.9570125	0.9570125
777000	1.0	1.0	1.0
778000	1.0	1.0	1.0
779000	1.0	1.0	1.0
780000	1.0	1.0	1.0
781000	0.9525000000000001	0.9525000000000001	0.9525000000000001
782000	0.9762500000000001	0.9762500000000001	0.9762500000000001
783000	0.9762500000000001	0.9762500000000001	0.9762500000000001
784000	0.9762500000000001	0.9762500000000001	0.9762500000000001
785000	1.0	1.0	1.0
786000	0.9762500000000001	0.9762500000000001	0.9762500000000001
787000	0.9762500000000001	0.9762500000000001	0.9762500000000001
788000	1.0	1.0	1.0
789000	0.941430125	0.941430125	0.941430125
790000	1.0	1.0	1.0
791000	1.0	1.0	1.0
792000	0.875	0.875	0.875
793000	0.9762500000000001	0.9762500000000001	0.9762500000000001
794000	0.9762500000000001	0.9762500000000001	0.9762500000000001
795000	0.9762500000000001	0.9762500000000001	0.9762500000000001
796000	0.9762500000000001	0.9762500000000001	0.9762500000000001
797000	0.9762500000000001	0.9762500000000001	0.9762500000000001
798000	0.9762500000000001	0.9762500000000001	0.9762500000000001
799000	0.9762500000000001	0.9762500000000001	0.9762500000000001
800000	0.9525000000000001	0.9525000000000001	0.9525000000000001
801000	0.9762500000000001	0.9762500000000001	0.9762500000000001
802000	0.9762500000000001	0.9762500000000001	0.9762500000000001
803000	0.9762500000000001	0.9762500000000001	0.9762500000000001
804000	0.8512500000000001	0.8512500000000001	0.8512500000000001
805000	0.9762500000000001	0.9762500000000001	0.9762500000000001
806000	0.9525000000000001	0.9525000000000001	0.9525000000000001
807000	0.9525000000000001	0.9525000000000001	0.9525000000000001
808000	1.0	1.0	1.0
809000	1.0	1.0	1.0
810000	1.0	1.0	1.0
811000	1.0	1.0	1.0
812000	1.0	1.0	1.0
813000	0.942375	0.942375	0.942375
814000	0.9762500000000001	0.9762500000000001	0.9762500000000001
815000	1.0	1.0	1.0
816000	1.0	1.0	1.0
817000	0.9762500000000001	0.9762500000000001	0.9762500000000001
818000	1.0	1.0	1.0
819000	1.0	1.0	1.0
820000	1.0	1.0	1.0
821000	1.0	1.0	1.0
822000	1.0	1.0	1.0
823000	1.0	1.0	1.0
824000	1.0	1.0	1.0
825000	0.9762500000000001	0.9762500000000001	0.9762500000000001
826000	0.9762500000000001	0.9762500000000001	0.9762500000000001
827000	0.9762500000000001	0.9762500000000001	0.9762500000000001
828000	0.9525000000000001	0.9525000000000001	0.9525000000000001
829000	0.9762500000000001	0.9762500000000001	0.9762500000000001
830000	0.941430125	0.941430125	0.941430125
831000	1.0	1.0	1.0
832000	1.0	1.0	1.0
833000	1.0	1.0	1.0
834000	0.9762500000000001	0.9762500000000001	0.9762500000000001
835000	0.9525000000000001	0.9525000000000001	0.9525000000000001
836000	0.9525000000000001	0.9525000000000001	0.9525000000000001
837000	0.8512500000000001	0.8512500000000001	0.8512500000000001
838000	0.9762500000000001	0.9762500000000001	0.9762500000000001
839000	0.9762500000000001	0.9762500000000001	0.9762500000000001
840000	0.8512500000000001	0.8512500000000001	0.8512500000000001
841000	0.9762500000000001	0.9762500000000001	0.9762500000000001
842000	0.8512500000000001	0.8512500000000001	0.8512500000000001
843000	1.0	1.0	1.0
844000	1.0	1.0	1.0
845000	1.0	1.0	1.0
846000	1.0	1.0	1.0
847000	1.0	1.0	1.0
848000	0.9762500000000001	0.9762500000000001	0.9762500000000001
849000	1.0	1.0	1.0
850000	1.0	1.0	1.0
851000	1.0	1.0	1.0
852000	1.0	1.0	1.0
853000	1.0	1.0	1.0
854000	1.0	1.0	1.0
855000	1.0	1.0	1.0
856000	1.0	1.0	1.0
857000	0.9762500000000001	0.9762500000000001	0.9762500000000001
858000	1.0	1.0	1.0
859000	1.0	1.0	1.0
860000	1.0	1.0	1.0
861000	1.0	1.0	1.0
862000	0.875	0.875	0.875
863000	1.0	1.0	1.0
864000	0.875	0.875	0.875
865000	1.0	1.0	1.0
866000	1.0	1.0	1.0
867000	1.0	1.0	1.0
868000	1.0	1.0	1.0
869000	1.0	1.0	1.0
870000	0.9570125	0.9570125	0.9570125
871000	0.966125	0.966125	0.966125
872000	1.0	1.0	1.0
873000	0.875	0.875	0.875
874000	1.0	1.0	1.0
875000	0.8512500000000001	0.8512500000000001	0.8512500000000001
876000	1.0	1.0	1.0
877000	1.0	1.0	1.0
878000	1.0	1.0	1.0
879000	1.0	1.0	1.0
880000	0.9762500000000001	0.9762500000000001	0.9762500000000001
881000	1.0	1.0	1.0
882000	0.875	0.875	0.875
883000	1.0	1.0	1.0
884000	1.0	1.0	1.0
885000	1.0	1.0	1.0
886000	0.9762500000000001	0.9762500000000001	0.9762500000000001
887000	1.0	1.0	1.0
888000	1.0	1.0	1.0
889000	0.875	0.875	0.875
890000	1.0	1.0	1.0
891000	1.0	1.0	1.0
892000	1.0	1.0	1.0
893000	1.0	1.0	1.0
894000	1.0	1.0	1.0
895000	1.0	1.0	1.0
896000	1.0	1.0	1.0
897000	0.875	0.875	0.875
898000	1.0	1.0	1.0
899000	0.875	0.875	0.875
900000	0.875	0.875	0.875
901000	1.0	1.0	1.0
902000	0.9762500000000001	0.9762500000000001	0.9762500000000001
903000	0.9525000000000001	0.9525000000000001	0.9525000000000001
904000	1.0	1.0	1.0
905000	1.0	1.0	1.0
906000	1.0	1.0	1.0
907000	0.875	0.875	0.875
908000	0.9762500000000001	0.9762500000000001	0.9762500000000001
909000	0.9762500000000001	0.9762500000000001	0.9762500000000001
910000	0.8512500000000001	0.8512500000000001	0.8512500000000001
911000	1.0	1.0	1.0
912000	0.9762500000000001	0.9762500000000001	0.9762500000000001
913000	1.0	1.0	1.0
914000	1.0	1.0	1.0
915000	1.0	1.0	1.0
916000	1.0	1.0	1.0
917000	1.0	1.0	1.0
918000	1.0	1.0	1.0
919000	1.0	1.0	1.0
920000	1.0	1.0	1.0
921000	0.9762500000000001	0.9762500000000001	0.9762500000000001
922000	1.0	1.0	1.0
923000	0.9762500000000001	0.9762500000000001	0.9762500000000001
924000	0.8512500000000001	0.8512500000000001	0.8512500000000001
925000	1.0	1.0	1.0
926000	0.9332625000000001	0.9332625000000001	0.9332625000000001
927000	0.9762500000000001	0.9762500000000001	0.9762500000000001
928000	0.875	0.875	0.875
929000	0.9762500000000001	0.9762500000000001	0.9762500000000001
930000	0.9570125	0.9570125	0.9570125
931000	1.0	1.0	1.0
932000	1.0	1.0	1.0
933000	1.0	1.0	1.0
934000	0.9762500000000001	0.9762500000000001	0.9762500000000001
935000	0.9762500000000001	0.9762500000000001	0.9762500000000001
936000	0.9525000000000001	0.9525000000000001	0.9525000000000001
937000	0.9095125000000002	0.9095125000000002	0.9095125000000002
938000	0.9762500000000001	0.9762500000000001	0.9762500000000001
939000	0.9762500000000001	0.9762500000000001	0.9762500000000001
940000	0.9762500000000001	0.9762500000000001	0.9762500000000001
941000	0.9762500000000001	0.9762500000000001	0.9762500000000001
942000	0.9762500000000001	0.9762500000000001	0.9762500000000001
943000	0.875	0.875	0.875
944000	1.0	1.0	1.0
945000	0.9762500000000001	0.9762500000000001	0.9762500000000001
946000	0.9762500000000001	0.9762500000000001	0.9762500000000001
947000	0.9762500000000001	0.9762500000000001	0.9762500000000001
948000	0.9762500000000001	0.9762500000000001	0.9762500000000001
949000	0.9762500000000001	0.9762500000000001	0.9762500000000001
950000	1.0	1.0	1.0
951000	1.0	1.0	1.0
952000	1.0	1.0	1.0
953000	1.0	1.0	1.0
954000	1.0	1.0	1.0
955000	1.0	1.0	1.0
956000	0.875	0.875	0.875
957000	1.0	1.0	1.0
958000	1.0	1.0	1.0
959000	1.0	1.0	1.0
960000	1.0	1.0	1.0
961000	0.966125	0.966125	0.966125
962000	1.0	1.0	1.0
963000	1.0	1.0	1.0
964000	0.9762500000000001	0.9762500000000001	0.9762500000000001
965000	0.9762500000000001	0.9762500000000001	0.9762500000000001
966000	0.9525000000000001	0.9525000000000001	0.9525000000000001
967000	0.9762500000000001	0.9762500000000001	0.9762500000000001
968000	0.9762500000000001	0.9762500000000001	0.9762500000000001
969000	0.9762500000000001	0.9762500000000001	0.9762500000000001
970000	0.942375	0.942375	0.942375
971000	0.9762500000000001	0.9762500000000001	0.9762500000000001
972000	0.9762500000000001	0.9762500000000001	0.9762500000000001
973000	0.9762500000000001	0.9762500000000001	0.9762500000000001
974000	1.0	1.0	1.0
975000	1.0	1.0	1.0
976000	1.0	1.0	1.0
977000	0.875	0.875	0.875
978000	1.0	1.0	1.0
979000	1.0	1.0	1.0
980000	0.8512500000000001	0.8512500000000001	0.8512500000000001
981000	0.9762500000000001	0.9762500000000001	0.9762500000000001
982000	1.0	1.0	1.0
983000	1.0	1.0	1.0
984000	1.0	1.0	1.0
985000	1.0	1.0	1.0
986000	0.9762500000000001	0.9762500000000001	0.9762500000000001
987000	1.0	1.0	1.0
988000	1.0	1.0	1.0
989000	0.9762500000000001	0.9762500000000001	0.9762500000000001
990000	0.9762500000000001	0.9762500000000001	0.9762500000000001
991000	0.9762500000000001	0.9762500000000001	0.9762500000000001
992000	1.0	1.0	1.0
993000	0.875	0.875	0.875
994000	1.0	1.0	1.0
995000	1.0	1.0	1.0
996000	1.0	1.0	1.0
997000	1.0	1.0	1.0
998000	0.875	0.875	0.875
999000	0.9762500000000001	0.9762500000000001	0.9762500000000001
1000000	0.9762500000000001	0.9762500000000001	0.9762500000000001
