10000	0.0	0.0	0.0
20000	0.0	0.0	0.0
30000	0.0	0.0	0.0
40000	0.0	0.0	0.0
50000	0.0	0.0	0.0
60000	0.0	0.0	0.0
70000	0.058823529411764705	0.058823529411764705	0.058823529411764705
80000	0.058823529411764705	0.058823529411764705	0.058823529411764705
90000	0.058823529411764705	0.058823529411764705	0.058823529411764705
100000	0.03126123529411765	0.03126123529411765	0.03126123529411765
110000	0.0	0.0	0.0
120000	0.0007042655989742371	0.0007042655989742371	0.0007042655989742371
130000	0.0	0.0	0.0
140000	0.0	0.0	0.0
150000	0.0	0.0	0.0
160000	0.03126123529411766	0.03126123529411766	0.03126123529411766
170000	0.043781047417058835	0.043781047417058835	0.043781047417058835
180000	0.058823529411764705	0.058823529411764705	0.058823529411764705
190000	0.058823529411764705	0.058823529411764705	0.058823529411764705
200000	0.058823529411764705	0.058823529411764705	0.058823529411764705
210000	0.058823529411764705	0.058823529411764705	0.058823529411764705
220000	0.07221724571531768	0.07221724571531768	0.07221724571531768
230000	0.11764705882352941	0.11764705882352941	0.11764705882352941
240000	0.0793340258882353	0.0793340258882353	0.0793340258882353
250000	0.1240834699489125	0.1240834699489125	0.1240834699489125
260000	0.13610650565235294	0.13610650565235294	0.13610650565235294
270000	0.11765032548745445	0.11765032548745445	0.11765032548745445
280000	0.17954910372369035	0.17954910372369035	0.17954910372369035
290000	0.11764705882352941	0.11764705882352941	0.11764705882352941
300000	0.11764705882352941	0.11764705882352941	0.11764705882352941
310000	0.058823529411764705	0.058823529411764705	0.058823529411764705
320000	0.10952889012321465	0.10952889012321465	0.10952889012321465
330000	0.17647058823529413	0.17647058823529413	0.17647058823529413
340000	0.11764705882352941	0.11764705882352941	0.11764705882352941
350000	0.21935294117647058	0.21935294117647058	0.21935294117647058
360000	0.17647058823529413	0.17647058823529413	0.17647058823529413
370000	0.20002882352941176	0.20002882352941176	0.20002882352941176
380000	0.11764705882352941	0.11764705882352941	0.11764705882352941
390000	0.17647058823529413	0.17647058823529413	0.17647058823529413
400000	0.23529411764705882	0.23529411764705882	0.23529411764705882
410000	0.21506470588235294	0.21506470588235294	0.21506470588235294
420000	0.21120529411764705	0.21120529411764705	0.21120529411764705
430000	0.21935294117647058	0.21935294117647058	0.21935294117647058
440000	0.17794303264999603	0.17794303264999603	0.17794303264999603
450000	0.17647058823529413	0.17647058823529413	0.17647058823529413
460000	0.22436320928928996	0.22436320928928996	0.22436320928928996
470000	0.22466223085585943	0.22466223085585943	0.22466223085585943
480000	0.17647421786187745	0.17647421786187745	0.17647421786187745
490000	0.2046057	0.2046057	0.2046057
500000	0.29411764705882354	0.29411764705882354	0.29411764705882354
510000	0.2606157182352941	0.2606157182352941	0.2606157182352941
520000	0.21120529411764705	0.21120529411764705	0.21120529411764705
530000	0.26699999999999996	0.26699999999999996	0.26699999999999996
540000	0.23146418424086174	0.23146418424086174	0.23146418424086174
550000	0.23529411764705882	0.23529411764705882	0.23529411764705882
560000	0.2606157182352941	0.2606157182352941	0.2606157182352941
570000	0.44017379455191236	0.44017379455191236	0.44017379455191236
580000	0.3875968029470589	0.3875968029470589	0.3875968029470589
590000	0.30501776581677553	0.30501776581677553	0.30501776581677553
600000	0.3124823529411765	0.3124823529411765	0.3124823529411765
610000	0.31420241176470587	0.31420241176470587	0.31420241176470587
620000	0.4117647058823529	0.4117647058823529	0.4117647058823529
630000	0.34176470588235297	0.34176470588235297	0.34176470588235297
640000	0.42109873177058826	0.42109873177058826	0.42109873177058826
650000	0.31842877994072155	0.31842877994072155	0.31842877994072155
660000	0.46218644696324807	0.46218644696324807	0.46218644696324807
670000	0.35294117647058826	0.35294117647058826	0.35294117647058826
680000	0.35294117647058826	0.35294117647058826	0.35294117647058826
690000	0.4117647058823529	0.4117647058823529	0.4117647058823529
700000	0.3915352941176471	0.3915352941176471	0.3915352941176471
710000	0.4594117647058824	0.4594117647058824	0.4594117647058824
720000	0.4117647058823529	0.4117647058823529	0.4117647058823529
730000	0.5291354128755991	0.5291354128755991	0.5291354128755991
740000	0.55297	0.55297	0.55297
750000	0.3962411134764706	0.3962411134764706	0.3962411134764706
760000	0.47058823529411764	0.47058823529411764	0.47058823529411764
770000	0.4320483759949131	0.4320483759949131	0.4320483759949131
780000	0.5213138096060432	0.5213138096060432	0.5213138096060432
790000	0.4117647058823529	0.4117647058823529	0.4117647058823529
800000	0.5568294117647059	0.5568294117647059	0.5568294117647059
810000	0.6083200588235294	0.6083200588235294	0.6083200588235294
820000	0.47058823529411764	0.47058823529411764	0.47058823529411764
830000	0.5182352941176471	0.5182352941176471	0.5182352941176471
840000	0.5294117647058824	0.5294117647058824	0.5294117647058824
850000	0.4503588235294118	0.4503588235294118	0.4503588235294118
860000	0.4594117647058824	0.4594117647058824	0.4594117647058824
870000	0.5091823529411765	0.5091823529411765	0.5091823529411765
880000	0.5182352941176471	0.5182352941176471	0.5182352941176471
890000	0.5568294117647059	0.5568294117647059	0.5568294117647059
900000	0.5366	0.5366	0.5366
910000	0.5316922308558594	0.5316922308558594	0.5316922308558594
920000	0.6383058823529412	0.6383058823529412	0.6383058823529412
930000	0.5182352941176471	0.5182352941176471	0.5182352941176471
940000	0.5954235294117647	0.5954235294117647	0.5954235294117647
950000	0.5956224348184425	0.5956224348184425	0.5956224348184425
960000	0.5842470588235295	0.5842470588235295	0.5842470588235295
970000	0.5880906470588235	0.5880906470588235	0.5880906470588235
980000	0.5366	0.5366	0.5366
990000	0.555125819261762	0.555125819261762	0.555125819261762
1000000	0.5991224705882353	0.5991224705882353	0.5991224705882353
